4998;6108;2757
5001;3734;9880
4995;2364;8008
5004;9989;6136
4992;7615;4703
5007;5241;1827
4989;9853;9955
5010;7478;8082
4986;5104;6210
5013;2730;3333
4983;5377;7444
5016;3003;5571
4980;628;3699
5019;8254;822
4977;6884;8950
5022;4509;1096
4974;8117;9223
5025;5743;6347
4971;4373;4474
5028;1998;2602
4968;9624;6712
5031;7249;3836
4965;9897;1963
5034;7522;91
4962;5148;8219
5037;2774;5342
4959;7386;7488
5040;5011;5615
4956;2637;3743
5043;263;866
4953;8893;8994
5046;6518;3104
4950;8161;1232
5049;5787;8355
4947;4417;6483
5052;2042;4611
4944;9668;6756
5055;7293;3880
4941;1906;2007
5058;9531;135
4938;7157;8263
5061;4782;5386
4935;5289;9496
5064;2915;7624
4932;540;5752
5067;8166;2875
4929;6796;1003
5070;4421;1008
4926;8029;9135
5073;5655;6259
4923;4285;4386
5076;1910;2514
4920;9536;6624
5079;7161;3748
4917;9809;1875
5082;7434;3
4914;5060;8131
5085;2686;5254
4911;7298;7400
5088;4923;5527
4908;2549;3655
5091;175;778
4905;8805;8906
5094;6430;3016
4902;8073;1144
5097;5699;8267
4899;4329;6395
5100;1954;4523
4896;9580;6668
5103;7205;3792
4893;1818;1919
5106;9443;47
4890;7069;8175
5109;4694;5298
4887;7342;9408
5112;4967;7536
4884;2593;5664
5115;219;2787
4881;8849;915
5118;6474;3060
4878;82;1188
5121;7708;8311
4875;6338;6439
5124;3963;4567
4872;1589;8677
5127;9214;5800
4869;9721;3928
5130;7346;2056
4866;4972;184
5133;2598;7307
4863;7210;7312
5136;4835;5439
4860;2461;3567
5139;87;690
4857;8717;8818
5142;6342;2928
4854;7985;1056
5145;5611;8179
4851;4241;6307
5148;1866;4435
4848;9492;6580
5151;7117;3704
4845;1730;1831
5154;9355;9959
4842;6981;8087
5157;4606;5210
4839;7254;9320
5160;4879;7448
4836;2505;5576
5163;131;2699
4833;8761;827
5166;6386;2972
4830;9994;1100
5169;7620;8223
4827;6250;6351
5172;3875;4479
4824;1501;8589
5175;9126;5712
4821;1774;3840
5178;9399;1968
4818;7025;96
5181;4650;7219
4815;9263;9364
5184;6888;7492
4812;4514;5620
5187;2139;2743
4809;769;871
5190;8395;4981
4806;7897;3109
5193;5523;232
4803;4153;8360
5196;1778;6488
4800;9404;6492
5199;7029;3616
4797;1642;1743
5202;9267;9871
4794;6893;7999
5205;4518;5122
4791;7166;9232
5208;4791;7360
4788;2417;5488
5211;43;2611
4785;8673;739
5214;6298;2884
4782;9906;1012
5217;7532;8135
4779;6162;6263
5220;3787;4391
4776;1413;8501
5223;9038;5624
4773;1686;3752
5226;9311;1880
4770;6937;8
5229;4562;7131
4767;9175;9276
5232;6800;7404
4764;4426;5532
5235;2051;2655
4761;681;783
5238;8307;4893
4758;9950;3021
5241;7576;144
4755;6206;8272
5244;3831;6400
4752;1457;8545
5247;9082;5668
4749;3695;3796
5250;1320;1924
4746;8946;52
5253;6571;7175
4743;5641;1285
5256;3267;9413
4740;892;7541
5259;8518;4664
4737;7148;2792
5262;4773;3459
4734;8381;1587
5265;6007;8710
4731;4637;6838
5268;2262;4966
4728;9888;9076
5271;7513;6199
4725;161;4327
5274;7786;2455
4722;5412;582
5277;3038;7706
4719;7650;9851
5280;5275;7979
4716;2901;6106
5283;527;3230
4713;9156;1358
5286;6782;5468
4710;8425;3595
5289;6051;719
4707;4681;8847
5292;2306;6974
4704;9932;9120
5295;7557;6243
4701;2170;4371
5298;9795;2499
4698;7421;626
5301;5046;7750
4695;7694;1860
5304;5319;9988
4692;2945;8115
5307;571;5239
4689;9200;3366
5310;6826;5512
4686;434;3639
5313;8060;763
4683;6689;8891
5316;4315;7018
4680;1941;1128
5319;9566;8252
4677;73;6380
5322;7698;4507
4674;5324;2635
5325;2950;9758
4671;7562;9763
5328;5187;7891
4668;2813;6018
5331;439;3142
4665;9069;1270
5334;6694;5380
4662;8337;3507
5337;5963;631
4659;4593;8759
5340;2218;6886
4656;9844;9032
5343;7469;6155
4653;2082;4283
5346;9707;2411
4650;7333;538
5349;4958;7662
4647;7606;1772
5352;5231;9900
4644;2857;8027
5355;483;5151
4641;9112;3278
5358;6738;5424
4638;346;3551
5361;7972;675
4635;6601;8803
5364;4227;6930
4632;1853;1040
5367;9478;8164
4629;2126;6292
5370;9751;4419
4626;7377;2547
5373;5002;9670
4623;9615;1816
5376;7240;9944
4620;4866;8071
5379;2491;5195
4617;1121;3322
5382;8747;7433
4614;8249;5560
5385;5875;2684
4611;4505;811
5388;2130;8939
4608;9756;8944
5391;7381;6067
4605;1994;4195
5394;9619;2323
4602;7245;450
5397;4870;7574
4599;7518;1684
5400;5143;9812
4596;2769;7939
5403;395;5063
4593;9025;3190
5406;6650;5336
4590;258;3463
5409;7884;587
4587;6514;8715
5412;4139;6842
4584;1765;952
5415;9390;8076
4581;2038;6204
5418;9663;4331
4578;7289;2459
5421;4914;9582
4575;9527;1728
5424;7152;9856
4572;4778;7983
5427;2403;5107
4569;1033;3234
5430;8659;7345
4566;302;5472
5433;7928;2596
4563;6558;723
5436;4183;8851
4560;1809;996
5439;9434;8120
5441;5919;8622
4557;4047;6248
5444;2174;4878
4554;9298;2503
5447;7425;6111
4551;7430;3737
5450;5558;2367
4548;2681;9992
5453;809;7618
4545;8937;5243
5456;3047;5750
4542;170;3375
5459;8298;1001
4539;6426;8627
5462;4553;3239
4536;1677;864
5465;3822;8490
4531;2452;6618
5468;77;4746
4528;7703;6891
5471;5329;4014
4525;9941;2142
5474;7566;270
4522;5192;8397
5477;2818;5521
4519;5465;9631
5480;3091;7759
4516;716;5886
5483;8342;3010
4513;6972;1138
5486;4597;3283
4510;8205;1411
5489;5831;8534
4507;4461;6662
5492;2086;4790
4504;9712;8900
5495;7337;6023
4501;9985;4151
5498;7610;2279
4498;5236;406
5501;2862;7530
4495;7474;9675
5504;5099;7803
4492;2725;5930
5507;351;3054
4489;8981;1182
5510;6606;5292
4486;4672;3419
5513;2297;543
4483;927;8671
5516;8553;6798
4480;6178;5366
5519;3804;2489
4477;8416;617
5522;6042;8745
4474;3667;6873
5525;1293;3996
4471;3940;8106
5528;1566;6234
4468;9191;4362
5531;6817;1485
4465;5447;9613
5534;3072;1758
4462;6680;9886
5537;4306;7009
4459;2936;5137
5540;561;3265
4456;8187;7375
5543;5813;4498
4453;8460;2626
5546;6086;754
4450;3711;8881
5549;1337;6005
4447;5949;8150
5552;3575;6278
4444;1200;4406
5555;8826;1529
4441;7456;9657
5558;5081;3767
4438;6724;1895
5561;4350;9018
4435;2980;7146
5564;605;5273
4432;8231;7419
5567;5857;4542
4429;469;2670
5570;8094;798
4426;5720;8925
5573;3346;6049
4423;3852;159
5576;1478;8287
4420;9103;6414
5579;6729;3538
4417;5359;1666
5582;2984;1670
4414;6592;9798
5585;4218;6921
4411;2848;5049
5588;473;3177
4408;8099;7287
5591;5725;4410
4405;8372;2538
5594;5998;666
4402;3623;8793
5597;1249;5917
4399;5861;8062
5600;3487;6190
4396;1112;4318
5603;8738;1441
4393;7368;9569
5606;4993;3679
4390;6636;1807
5609;4262;8930
4387;2892;7058
5612;517;5186
4384;8143;7331
5615;5769;4454
4381;381;2582
5618;8006;710
4378;5632;8837
5621;3258;5961
4375;5905;71
5624;3531;8199
4372;1156;6326
5627;8782;3450
4369;7412;1578
5630;5037;3723
4366;8645;1851
5633;6271;8974
4363;4901;7102
5636;2526;5230
4360;152;9340
5639;7777;6463
4357;8284;4591
5642;5910;2719
4354;3535;846
5645;1161;7970
4351;5773;7974
5648;3399;6102
4348;1024;4230
5651;8650;1353
4345;7280;9481
5654;4905;3591
4342;6548;1719
5657;4174;8842
4339;2804;6970
5660;429;5098
4336;8055;7243
5663;5681;4366
4333;293;2494
5666;7918;622
4330;5544;8749
5669;3170;5873
4327;5817;9983
5672;3443;8111
4324;1068;6238
5675;8694;3362
4321;7324;1490
5678;4949;3635
4318;8557;1763
5681;6183;8886
4315;4813;7014
5684;2438;5142
4312;64;9252
5687;7689;6375
4309;337;4503
5690;7962;2631
4306;5588;758
5693;3214;7882
4303;7826;27
5696;5451;8155
4300;3077;6282
5699;703;3406
4297;9332;1534
5702;6958;5644
4294;6460;3771
5705;4086;895
4291;2716;9023
5708;341;7150
4288;7967;7155
5711;5593;4278
4285;205;2406
5714;7830;534
4282;5456;8661
5717;3082;5785
4279;5729;9895
5720;3355;8023
4276;980;6150
5723;8606;3274
4273;7236;1402
5726;4861;3547
4270;8469;1675
5729;6095;8798
4267;4725;6926
5732;2350;5054
4264;9976;9164
5735;7601;6287
4261;249;4415
5738;7874;2543
4258;5500;670
5741;3126;7794
4255;7738;9939
5744;5363;8067
4252;2989;6194
5747;615;3318
4249;9244;1446
5750;6870;5556
4246;8513;3683
5753;6139;807
4243;4769;8935
5756;2394;7062
4240;20;9208
5759;7645;6331
4237;2258;4459
5762;9883;2587
4234;7509;714
5765;5134;7838
4231;4204;1948
5768;1830;76
4228;9455;8203
5771;7081;5327
4225;5711;3454
5774;3336;2022
4222;6944;150
5777;4570;7273
4219;3200;5401
5780;825;3529
4216;8451;7639
5783;6076;4762
4213;8724;2890
5786;6350;1018
4210;3975;9145
5789;1601;6269
4207;6213;8414
5792;3839;6542
4204;1464;4670
5795;9090;1793
4201;7720;9921
5798;5345;4031
4198;6988;2159
5801;4614;9282
4195;3244;7410
5804;869;5537
4192;8495;7683
5807;6120;4806
4189;733;2934
5810;8358;4710
4186;5984;2837
5813;3609;9961
4183;6257;423
5816;3883;8551
4180;1508;6678
5819;9134;3802
4177;7764;1930
5822;5389;7723
4174;8997;5851
5825;6623;2974
4171;5253;1102
5828;2878;9229
4168;504;3340
5831;8129;463
4165;8636;8591
5834;6262;6718
4162;3887;4846
5837;1513;1970
4159;6125;8326
5840;3751;6454
4156;1376;4582
5843;9002;1705
4153;7632;9833
5846;5257;3943
4150;6900;2071
5849;4526;9194
4147;3156;7322
5852;781;5449
4144;8407;7595
5855;6032;4718
4141;645;2846
5858;8270;974
4138;5896;9101
5861;3521;6225
4135;6169;335
5864;3795;8463
4132;1420;6590
5867;9046;3714
4129;7676;1842
5870;5301;3987
4126;8909;2115
5873;6535;9238
4123;5165;7366
5876;2790;5493
4120;416;9604
5879;8041;6727
4117;689;4855
5882;8314;2982
4114;5940;1110
5885;3565;8234
4111;8178;379
5888;5803;8507
4108;3429;6634
5891;1054;3758
4105;9684;1886
5894;7310;5996
4102;6812;4123
5897;4438;1247
4099;3068;9375
5900;693;7502
4096;8319;7507
5903;5945;4630
4093;557;2758
5906;8182;886
4090;5808;9013
5909;3434;6137
4087;6081;247
5912;3707;8375
4084;1332;6502
5915;8958;3626
4081;7588;1754
5918;5213;3899
4078;8821;2027
5921;6447;9150
4075;5077;7278
5924;2702;5405
4072;328;9516
5927;7953;6639
4069;601;4767
5930;8226;2894
4066;5852;1022
5933;3478;8146
4063;8090;291
5936;5715;8419
4060;3341;6546
5939;967;3670
4057;9596;1798
5942;7222;5908
4054;8865;4035
5945;6491;1159
4051;5121;9287
5948;2746;7414
4048;372;9560
5951;7997;6683
4045;2610;4811
5954;235;2938
4042;7861;1066
5957;5486;8190
4039;5993;2300
5960;3619;427
4036;1244;8555
5963;8870;5679
4033;7500;3806
5966;5125;3811
4030;8733;1939
5969;6359;9062
4027;4989;7190
5972;2614;5317
4024;240;9428
5975;7865;6551
4021;513;4679
5978;8138;2806
4018;5764;934
5981;3390;8058
4015;8002;203
5984;5627;8331
4012;3253;6458
5987;879;3582
4009;9508;1710
5990;7134;5820
4006;8777;3947
5993;6403;1071
4003;5033;9199
5996;2658;7326
4000;284;9472
5999;7909;6595
3997;2522;4723
6002;147;2850
3994;7773;978
6005;5398;8102
3991;8046;2212
6008;5671;339
3988;3297;8467
6011;923;5591
3985;9552;3718
6014;7178;5864
3982;786;3991
6017;8412;1115
3979;7041;9243
6020;4667;7370
3976;2293;1480
6023;9918;8604
3973;4735;6732
6026;2361;4859
3970;9987;2987
6029;7612;110
3967;2224;2326
6032;9850;454
3964;7476;8582
6035;5101;5705
3961;3731;3833
6038;1357;7943
3958;3000;6071
6041;625;3194
3955;9255;1322
6044;6881;9449
3952;4506;1595
6047;2132;8718
3949;6744;6846
6050;4370;4974
3946;1995;3101
6053;9621;225
3943;2268;4335
6056;9894;2463
3940;7520;590
6059;5145;7714
3937;3775;5841
6062;1401;7987
3934;5009;6115
6065;2634;3238
3931;1264;1366
6068;8890;9493
3928;6515;3604
6071;4141;727
3925;6788;8855
6074;4414;6982
3922;2039;5110
6077;9665;2234
3919;4277;4379
6080;1903;2507
3916;9528;634
6083;7154;7758
3913;5784;5885
6086;3409;9996
3910;2912;8123
6089;537;5247
3907;9167;3374
6092;6793;1502
3904;4418;1507
6095;2044;8630
3901;6656;6758
6098;4282;4886
3898;1907;3013
6101;9533;137
3895;2180;4247
6104;9806;2375
3892;7432;502
6107;5057;7626
3889;3687;5754
6110;1313;7899
3886;4921;6027
6113;2546;3150
3883;1176;1278
6116;8802;9405
3880;6427;3516
6119;4053;639
3877;6700;8767
6122;4326;6894
3874;1951;5022
6125;9577;2146
3871;4189;4291
6128;1815;2419
3868;9440;546
6131;7066;7670
3865;5696;5798
6134;3321;9908
3862;4965;8035
6137;2590;5159
3859;1220;3287
6140;8846;1414
3856;6471;3560
6143;4097;683
3853;8709;8811
6146;6335;6938
3850;3960;5066
6149;1586;2190
3847;2092;6300
6152;9718;4427
3844;7344;2555
6155;4969;9679
3841;3599;7806
6158;1225;7811
3838;4833;5939
6161;2458;3062
3835;1088;1190
6164;8714;9317
3832;6339;3428
6167;3965;551
3829;6612;8679
6170;4238;6806
3826;1863;4934
6173;9489;2058
3823;4101;4203
6176;1727;2331
3820;9352;458
6179;6978;7582
3817;5608;5710
6182;3233;9820
3814;4877;7947
6185;2502;5071
3811;1132;3199
6188;8758;1326
3808;6383;3472
6191;4009;595
3805;8621;8723
6194;6247;6850
3802;3872;4978
6197;1498;2102
3799;4145;6212
6200;1771;4339
3796;9396;2467
6203;7022;9591
3793;5652;7718
6206;3277;9864
3790;6885;7991
6209;4511;5115
3787;3141;3243
6212;766;1370
3784;8392;5480
6215;6017;2604
3781;6524;732
6218;4150;8859
3778;1775;6987
6221;9401;4110
3775;4013;4115
6224;1639;2243
3772;9264;370
6227;6890;7494
3769;5520;5622
6230;3145;9732
3766;4789;7859
6233;2414;4983
3763;1044;3111
6236;8670;1238
3760;6295;3384
6239;3921;507
3757;8533;8635
6242;6159;6762
3754;3784;4890
6245;1410;2014
3751;4057;6124
6248;1683;4251
3748;9308;2379
6251;6934;9503
3745;5564;7630
6254;3189;9776
3742;6797;7903
6257;4423;5027
3739;3053;3155
6260;678;1282
3736;8304;5392
6263;5929;2516
3733;8577;644
6266;6203;8771
3730;3828;6899
6269;1454;4022
3727;6066;6168
6272;3692;4295
3724;1317;2423
6275;8943;9547
3721;7573;7674
6278;5198;1784
3718;3264;9912
6281;889;7036
3715;9519;5163
6284;7145;3291
3712;4770;3958
6287;2396;1082
3709;7008;9209
6290;4634;7337
3706;2259;5465
6293;9885;2588
3703;2532;6698
6296;158;4826
3700;7783;2954
6299;5409;77
3697;4039;8205
6302;1665;350
3694;5272;8478
6305;2898;5601
3691;1528;3729
6308;9154;1857
3688;6779;5967
6311;4405;3090
3685;7052;1218
6314;4678;9346
3682;2303;7474
6317;9929;4597
3679;4541;6742
6320;2167;4870
3676;9792;2998
6323;7418;121
3673;6048;8249
6326;3673;2359
3670;5316;487
6329;2942;7610
3667;1572;5738
6332;9198;3866
3664;6823;6011
6335;4449;3134
3661;9061;1262
6338;6687;9390
3658;4312;7518
6341;1938;4641
3655;2444;8751
6344;70;6879
3652;7696;5007
6347;5321;2130
6349;5823;2632
3649;3951;258
6352;8061;764
3646;5185;8390
6355;3312;6016
3643;1440;3641
6358;9568;8253
3640;6691;5879
6361;8836;3505
3637;6964;1130
6364;5092;9760
3634;2215;7386
6367;343;9029
3631;4453;6654
6370;2581;5284
3628;9704;2910
3626;207;3412
6373;7832;535
3623;480;4645
6376;8105;2773
3620;5731;901
6379;3356;8024
3617;1986;6152
6382;9612;8297
3614;3220;6425
6385;845;3549
3611;9475;1676
6388;7101;9804
3608;4726;3914
6391;2352;1038
3605;4999;9165
6394;2625;7293
3602;250;5421
6397;7876;2544
3599;2488;4689
6400;114;2817
3596;7740;945
6403;5365;8068
3593;3995;6196
6406;1621;306
3590;1123;8434
6409;8748;5557
3587;7378;3685
6412;5004;1813
3584;2630;1817
6415;255;8941
3581;4867;7068
6418;2493;5196
3578;119;3324
6421;7744;447
3575;392;4557
6424;8017;2685
3572;5643;813
6427;3268;7936
3569;1898;6064
6430;9524;8209
3566;3132;6337
6433;757;3461
3563;9387;1588
6436;7013;9716
3560;4638;3826
6439;2264;950
3557;4911;9077
6442;2537;7205
3554;163;5333
6445;7788;2456
3551;2400;4601
6448;26;2729
3548;7652;857
6451;5277;7980
3545;3907;6108
6454;1533;218
3542;3176;8346
6457;801;5469
3539;9431;3597
6460;7057;1725
3536;4682;3870
6463;2308;994
3533;6920;9121
6466;4546;7249
3530;2171;5377
6469;9797;2500
3527;304;6610
6472;7929;4738
3524;5555;2866
6475;3180;9989
3521;1810;8117
6478;9436;8121
3518;3044;6249
6481;669;3373
3515;9299;1500
6484;6925;9628
3512;4550;3738
6487;2176;862
3509;4823;8989
6490;2449;7117
3506;75;5245
6493;7700;2368
3503;2312;4513
6496;9938;2641
3500;7564;769
6499;5189;7892
3497;3819;6020
6502;1445;130
3494;3088;8258
6505;713;5381
3491;9343;3509
6508;6969;1637
3488;4594;3782
6511;2220;906
3485;6832;9033
6514;4458;7161
3482;2083;5289
6517;9709;2412
3479;2356;6522
6520;9982;4650
3476;7608;2778
6523;5233;9901
3473;3863;8029
6526;1489;174
3470;5097;8302
6529;2722;5425
3467;1352;3553
6532;8978;1681
3464;6603;5791
6535;4229;2914
3461;3299;1042
6538;924;9170
3458;8550;7298
6541;6175;4421
3455;788;2989
6544;8413;1116
3452;6039;9244
6547;3664;6368
3449;2294;4495
6550;9920;8605
3446;1563;6733
6553;9188;3857
3443;7818;1984
6556;5444;112
3440;3069;2257
6559;695;9381
3437;5307;7508
6562;2933;5636
3434;558;3764
6565;8184;887
3431;832;4997
6568;8457;3125
3428;6083;1253
6571;3708;8376
3425;2338;6504
6574;9964;8649
3422;3572;6777
6577;1197;3901
3419;9827;2028
6580;7453;156
3416;5078;4266
6583;2704;1390
3413;5351;9517
6586;2977;7645
3410;602;5773
6589;8228;2896
3407;2840;5041
6592;466;3169
3404;8091;1297
6595;5717;8420
3401;4347;6548
6598;1973;658
3398;1475;8786
6601;9100;5909
3395;7730;4037
6604;5356;2165
3392;2981;2169
6607;607;9293
3389;5219;7420
6610;2845;5548
3386;470;3676
6613;8096;799
3383;744;4909
6616;8369;3037
3380;5995;1165
6619;3620;8288
3377;2250;6416
6622;9876;8561
3374;3484;6689
6625;1109;3813
3371;9739;1940
6628;7365;68
3368;4990;4178
6631;2616;1302
3365;5263;9429
6634;2889;7557
3362;514;5685
6637;8140;2808
3359;2752;4953
6640;378;3081
3356;8003;1209
6643;5629;8332
3353;4259;6460
6646;1885;570
3350;3528;8698
6649;1153;5821
3347;9783;3949
6652;7409;2077
3344;5034;4222
6655;2660;1346
3341;7272;9473
6658;4898;7601
3338;2523;5729
6661;149;2852
3335;656;6962
6664;8281;5090
3332;5907;3218
6667;3532;341
3329;2162;8469
6670;9788;8473
3326;3396;6601
6673;1021;3725
3323;9651;1852
6676;7277;9980
3320;4902;4090
6679;2528;1214
3317;5175;9341
6682;2801;7469
3314;426;5597
6685;8052;2720
3311;2664;4865
6688;290;2993
3308;7915;1121
6691;5541;8244
3305;4171;6372
6694;1797;482
3302;3440;8610
6697;1065;5733
3299;9695;3861
6700;7321;1989
3296;4946;4134
6703;2572;1258
3293;7184;9385
6706;4810;7513
3290;2435;5641
6709;61;2764
3287;2708;6874
6712;334;5002
3284;7959;3130
6715;5585;253
3281;4215;8381
6718;1841;526
3278;5448;8654
6721;3074;5777
3275;1704;3905
6724;9330;2033
3272;6955;6143
6727;4581;3266
3269;5087;1394
6730;2713;9522
3266;338;7650
6733;7964;4773
3263;2576;4777
6736;202;2905
3260;7827;1033
6739;5453;8156
3257;4083;6284
6742;1709;394
3254;3352;8522
6745;977;5645
3251;9607;3773
6748;7233;1901
3248;4858;4046
6751;2484;1170
3245;7096;9297
6754;4722;7425
3242;2347;5553
6757;9973;2676
3239;2620;6786
6760;246;4914
3236;7871;3042
6763;5497;165
3233;4127;8293
6766;1753;438
3230;5360;8566
6769;2986;5689
3227;1616;3817
6772;9242;1945
3224;6867;6055
6775;4493;3178
3221;7140;1306
6778;4766;9434
3218;2391;7562
6781;17;4685
3215;4629;6830
6784;2255;4958
3212;9880;3086
6787;7506;209
3209;6136;8337
6790;3761;2447
3206;1827;575
6793;9452;7698
3203;8082;5826
6796;5708;3954
3200;3333;2521
6799;959;9645
3197;5571;7772
6802;3197;5900
3194;822;4028
6805;8448;1151
3191;1096;5261
6808;8721;3389
3188;6347;1517
6811;3972;8640
3185;2602;6768
6814;228;8913
3182;3836;7041
6817;1461;4164
3179;91;2292
6820;7717;420
3176;5342;4530
6823;2968;1653
3173;5615;9781
6826;3241;7909
3170;866;6037
6829;8492;3160
3167;3104;5305
6832;730;3433
3164;8355;1561
6835;5981;8684
3161;4611;6812
6838;2236;922
3158;3880;9050
6841;1505;6173
3155;135;4301
6844;7761;2429
3152;5386;4574
6847;3012;1697
3149;7624;9825
6850;5250;7953
3146;2875;6081
6853;501;3204
3143;1008;7314
6856;8633;5442
3140;6259;3570
6859;3884;693
3137;2514;8821
6862;140;8825
3134;3748;6953
6865;1373;4076
3131;3;2204
6868;7629;332
3128;5254;4442
6871;2880;1565
3125;5527;9693
6874;3153;7821
3122;778;5949
6877;8404;3072
3119;3016;5217
6880;642;3345
3116;8267;1473
6883;5893;8596
3113;4523;6724
6886;2149;834
3110;3792;8962
6889;1417;6085
3107;47;4213
6892;7673;2341
3104;5298;4486
6895;2924;1609
3101;7536;9737
6898;5162;7865
3098;2787;5993
6901;413;3116
3095;3060;7226
6904;686;5354
3092;8311;3482
6907;5937;605
3089;4567;8733
6910;2192;878
3086;5800;9006
6913;3426;6129
3083;2056;4257
6916;9681;2385
3080;7307;6495
6919;4933;3618
3077;5439;1746
6922;3065;9874
3074;690;8002
6925;8316;5125
3071;2928;5129
6928;554;3257
3068;8179;1385
6931;5805;8508
3065;4435;6636
6934;2061;746
3062;3704;8874
6937;1329;5997
3059;9959;4125
6940;7585;2253
3056;5210;4398
6943;2836;1521
3053;7448;9649
6946;5074;7777
3050;2699;5905
6949;325;3028
3047;2972;7138
6952;598;5266
3044;8223;3394
6955;5849;517
3041;4479;8645
6958;2105;790
3038;5712;8918
6961;3338;6041
3035;1968;4169
6964;9594;2297
3032;7219;6407
6967;4845;3530
3029;7492;1658
6970;5118;9786
3026;2743;7914
6973;369;5037
3023;4981;7182
6976;2607;5310
3020;232;3438
6979;7858;561
3017;6488;8689
6982;4113;2799
3014;3616;927
6985;1241;8050
3011;9871;6178
6988;7497;4306
3008;5122;4310
6991;2748;1433
3005;7360;9561
6994;4986;7689
3002;2611;5817
6997;237;2940
2999;2884;7050
7000;510;5178
2996;8135;3306
7003;5761;429
2993;4391;8557
7006;2017;702
2990;5624;8830
7009;3250;5953
2987;1880;4081
7012;9506;2209
2984;7131;6319
7015;4757;3442
2981;7404;1570
7018;5030;9698
2978;2655;7826
7021;281;4949
2975;4893;7094
7024;2519;5222
2972;144;3350
7027;7770;473
2969;6400;8601
7030;4025;2711
2966;5668;839
7033;3294;7962
2963;1924;6090
7036;9550;4218
2960;7175;6363
7039;4801;3486
2957;9413;1614
7042;7039;9742
2954;4664;7870
7045;2290;4993
2951;3459;9103
7048;1084;7231
2948;8710;5359
7051;6336;2482
2945;4966;610
7054;2591;9177
2942;6199;7305
7057;3825;4428
2939;2455;2556
7060;80;684
2936;7706;4794
7063;5331;1917
2933;7979;45
7066;5604;8173
2930;3230;6301
7069;855;3424
2927;5468;5569
7072;3093;3697
2924;719;1825
7075;8344;8948
2921;6974;7076
7078;4600;1186
2918;6243;9314
7081;3869;6437
2915;2499;4565
7084;124;2693
2912;7750;4838
7087;5375;1961
2909;9988;89
7090;7613;8217
2906;5239;6345
7093;2864;3468
2903;5512;7578
7096;3137;5706
2900;763;3834
7099;8388;957
2897;7018;9085
7102;4644;1230
2894;8252;9358
7105;5877;6481
2891;4507;4609
7108;2133;2737
2888;9758;6847
7111;7384;3970
2885;7891;2098
7114;5516;226
2882;3142;8353
7117;767;5477
2879;5380;5481
7120;3005;3609
2876;631;1737
7123;8256;8860
2873;6886;6988
7126;4512;1098
2870;6155;9226
7129;3781;6349
2867;2411;4477
7132;36;2605
2864;7662;4750
7135;5287;1873
2861;9900;1
7138;7525;8129
2858;5151;6257
7141;2776;3380
2855;5424;7490
7144;3049;5618
2852;675;3746
7147;8300;869
2849;6930;8997
7150;4556;1142
2846;8164;9270
7153;5789;6393
2843;4419;4521
7156;2045;2649
2840;9670;6759
7159;7296;3882
2837;9944;2010
7162;7569;138
2834;5195;8266
7165;2820;5389
2831;7433;7534
7168;5058;5662
2828;2684;3790
7171;309;913
2825;8939;9041
7174;6565;3151
2822;6067;1279
7177;3693;8402
2819;2323;6530
7180;9948;4658
2816;7574;4662
7183;5199;1785
2813;9812;9913
7186;7437;8041
2810;5063;6169
7189;2688;3292
2807;5336;7402
7192;2961;5530
2804;587;3658
7195;8212;781
2801;6842;8909
7198;4468;1054
2798;8076;9182
7201;5701;6305
2795;4331;4433
7204;1957;2561
2792;9582;6671
7207;7208;3794
2789;9856;1922
7210;7481;50
2786;5107;8178
7213;2732;5301
2783;7345;7446
7216;4970;5574
2780;2596;3702
7219;221;825
2777;8851;8953
7222;6477;3063
2774;8120;1191
7225;5745;8314
2771;4375;6442
7228;2001;4570
2768;9626;6715
7231;7252;3838
2765;1864;1966
7234;9490;94
2762;7115;8222
7237;4741;5345
2759;5248;9455
7240;2873;7583
2756;499;5711
7243;8124;2834
2753;6754;962
7246;4380;966
2750;7988;9094
7249;5613;6217
2747;4243;4345
7252;1869;2473
2744;9494;6583
7257;1640;4208
2741;9768;1834
7260;7895;464
2738;5019;8090
7263;3146;9733
2735;7257;7358
7266;5384;5988
2732;2508;3614
7269;635;1239
2729;8763;8865
7272;908;3477
2726;8032;1103
7275;6160;8728
2723;4287;6354
7278;2415;9001
2720;9538;6627
2718;6023;7129
7281;3649;4252
2715;2279;2380
7284;9904;508
2712;7530;4618
7287;5155;1741
2709;7803;9869
7290;5428;7997
2706;3054;6125
7293;679;3248
2703;5292;5393
7296;2917;3521
2700;543;1649
7299;8168;8772
2697;6798;6900
7302;4424;1010
2694;2489;9138
7305;115;6261
2691;8745;4389
7308;6370;2517
2688;3996;1138
7311;1622;8262
2685;6234;6389
7314;3859;4517
2682;1485;2645
7317;9111;9768
2679;1758;3878
7320;9384;2006
2676;7009;134
7323;4635;7257
2673;3265;5385
7326;890;7530
2670;4498;5658
7329;2124;2781
2667;754;909
7332;8379;9037
2664;6005;3147
7335;3630;270
2661;6278;8398
7338;3903;6526
2658;1529;4654
7341;9155;1777
2655;3767;3922
7344;1392;2050
2652;9018;178
7347;6644;7301
2649;5273;5429
7350;2899;9539
2646;4542;7667
7353;2168;4790
2643;798;2918
7356;8423;1046
2640;6049;3191
7359;3674;314
2637;8287;8442
7362;5912;6570
2634;3538;4698
7365;1163;1821
2631;1670;5931
7368;9296;4059
2628;6921;2187
7371;4547;9310
2625;3177;7438
7374;802;3794
2622;4410;1922
7377;2036;9045
2619;666;7173
7380;8291;5301
2616;5917;9411
7383;3542;6534
2613;6190;4662
7386;3815;2790
2610;1441;918
7389;9067;8041
2607;3679;186
7392;1304;8314
2604;8930;6442
7395;6556;3565
2601;5186;1693
7398;2811;5803
2598;4454;3931
7401;2080;1054
2595;710;9182
7404;8335;7310
2592;5961;9455
7407;3586;6578
2589;8199;4706
7410;5824;2834
2586;3450;962
7413;1075;8085
2583;3723;2195
7416;1348;323
2580;8974;8451
7419;6600;5574
2577;5230;3702
7422;2855;9495
2574;6463;7623
7425;4089;4746
2571;2719;2874
7428;344;1002
2568;7970;1464
7431;5595;8587
2565;6102;6715
7434;3727;4843
2562;1353;2970
7437;8979;94
2559;3591;98
7440;1216;8226
2556;8842;6354
7443;6468;3477
2553;5098;1605
7446;2723;5715
2550;4366;3843
7449;1992;966
2547;622;9094
7452;8247;7222
2544;5873;9367
7455;3498;6490
2541;8111;4618
7458;5736;2746
2538;3362;874
7461;987;7997
2535;3635;2107
7464;1260;235
2532;8886;8363
7467;6512;5486
2529;5142;3614
7470;2767;5759
2526;6375;3887
7473;4001;1010
2523;2631;9138
7476;256;7266
2520;7882;1376
7479;5507;8499
2517;8155;6627
7482;5780;4755
2514;3406;2882
7485;1031;6
2511;5644;2151
7488;3269;279
2508;895;8407
7491;8520;5530
2505;7150;3658
7494;4776;7768
2502;4278;5896
7497;1904;3019
2499;534;1147
7500;8159;9275
2496;5785;9279
7503;3410;6402
2493;8023;4530
7506;5648;2658
2490;3274;786
7509;899;7909
2487;3547;2019
7512;1172;147
2484;8798;8275
7515;6424;5398
2481;5054;3526
7518;2679;5671
2478;6287;3799
7521;3913;922
2475;2543;9050
7524;168;7178
2472;7794;1288
7527;5419;8411
2469;8067;6539
7530;5692;4667
2466;3318;2794
7533;943;9918
2463;5556;2063
7536;3181;191
2460;807;8319
7539;8432;5442
2457;7062;3570
7542;4688;7680
2454;6331;5808
7545;3957;2931
2451;2587;1059
7548;212;9187
2448;7838;1332
7551;5463;8455
2445;76;6583
7554;7701;4711
2442;5327;2838
7557;2952;9962
2439;2022;4072
7560;9648;2200
2436;7273;327
7563;4899;7451
2433;3529;5579
7566;1154;7794
2430;4762;5922
7569;2388;3045
2427;1018;1173
7572;8643;9301
2424;6269;3411
7575;3894;534
2421;6542;8662
7578;4167;6790
2418;1793;4918
7581;9419;2041
2415;4031;4186
7584;1656;2314
2412;9282;442
7587;6908;7565
2409;5537;5693
7590;3163;9803
2406;4806;7931
7593;2432;5054
2403;4710;3182
7596;2335;1310
2400;9961;3455
7599;7586;578
2397;8551;8706
7602;6176;6834
2394;3802;4962
7605;1427;2085
2391;7723;6195
7608;5348;4323
2388;2974;2451
7611;600;9574
2385;9229;7702
7614;6855;9847
2382;463;7975
7617;8089;5098
2379;6718;3226
7620;4344;1354
2376;1970;5464
7623;9595;2587
2373;6454;715
7626;4079;8843
2370;1705;6970
7629;9331;4094
2367;3943;4098
7632;1568;2226
2364;9194;354
7635;6820;7477
2361;5449;5605
7638;3075;9715
2358;4718;7843
7641;2344;4966
2355;974;3094
7644;8599;1222
2352;6225;3367
7647;3850;490
2349;8463;8618
7650;6088;6746
2346;3714;4874
7653;1339;1997
2343;3987;6107
7656;1612;4235
2340;9238;2363
7659;6864;9486
2337;5493;7614
7662;3119;9759
2334;6727;7887
7665;4353;5010
2331;2982;3138
7668;608;1266
2328;8234;5376
7671;5859;2499
2325;8507;627
7674;6132;8755
2322;3758;6882
7677;1383;4006
2319;5996;6151
7680;3621;4279
2316;1247;2407
7683;8872;9530
2313;7502;7658
7686;5128;1768
2310;4630;9896
7689;2256;7019
2307;886;5147
7692;8511;3274
2304;6137;3279
7695;3762;402
2301;8375;8530
7698;6000;6658
2298;3626;4786
7701;1251;1909
2295;3899;6019
7704;1524;4147
2292;9150;2275
7707;6776;9398
2289;5405;7526
7710;3031;9671
2286;6639;7799
7713;4265;4922
2283;2894;3050
7716;520;1178
2280;8146;5288
7719;5771;2411
2277;8419;539
7722;6044;8667
2274;3670;6794
7725;1295;3918
2271;5908;6063
7728;3533;4191
2268;1159;2319
7731;8784;9442
2265;7414;7570
7734;5040;1680
2262;6683;9808
7737;4309;6931
2259;2938;5059
7740;564;3186
2256;8190;5332
7743;5815;2455
2253;427;583
7746;8053;8711
2250;5679;6838
7749;3304;3962
2247;3811;8072
7752;1436;6200
2244;9062;4327
7755;6688;1451
2241;5317;9579
7758;2943;9583
2238;6551;7711
7761;4177;4834
2235;2806;2962
7764;432;1090
2232;8058;5200
7767;5683;2323
2229;8331;451
7770;5956;8579
2226;3582;6706
7773;1207;3830
2223;5820;5975
7776;3445;4103
2220;1071;2231
7779;8696;9354
2217;7326;7482
7782;4952;1592
2214;6595;9720
7785;4221;6843
2211;2850;4971
7788;476;3099
2208;8102;5244
7791;5727;2367
2205;339;495
7794;7965;8623
2202;5591;6750
7797;3216;3874
2199;5864;7984
7800;3489;6112
2196;1115;4239
7803;8740;1363
2193;7370;9491
7806;4996;1636
2190;8604;9764
7809;6229;6887
2187;4859;5015
7812;2485;3142
2184;110;7253
7815;7736;4376
2181;454;2504
7818;8079;631
2178;5705;8759
7821;3330;5883
2175;7943;4450
7824;5568;2578
2172;3194;706
7827;819;7829
2169;9449;5957
7830;7075;67
2166;8718;8195
7833;6344;5318
2163;4974;3446
7836;2599;1574
2160;225;3719
7839;7850;842
2157;2463;8970
7842;88;7098
2154;7714;5226
7845;5339;2349
2151;7987;6459
7848;5612;4587
2148;3238;2715
7851;863;9838
2145;9493;7966
7854;7119;111
2142;727;8239
7857;8352;5362
2139;6982;3490
7860;4608;1618
2136;2234;5728
7863;9859;2851
2133;2507;979
7866;132;9107
2130;7758;7234
7869;5383;4358
2127;9996;6503
7872;7621;4631
2124;5247;2759
7875;2872;9882
2121;1502;8010
7878;9128;2120
2118;8630;248
7881;6256;7371
2115;4886;5499
7884;2511;3626
2112;137;3631
7887;7762;754
2109;2375;8882
7890;0;7010
2106;7626;5138
7893;5251;2261
2103;7899;6371
7896;5524;4499
2100;3150;2627
7899;776;9750
2097;9405;7878
7902;7031;23
2094;639;8151
7905;8265;5274
2091;6894;3402
7908;4520;1530
2088;2146;5640
7911;9771;2763
2085;2419;891
7914;44;9019
2082;7670;7146
7917;5295;4270
2079;9908;6415
7920;7533;4543
2076;5159;2671
7923;2784;9794
2073;1414;7922
7926;9040;2032
2070;683;160
7929;8309;7283
2067;6938;5411
7932;4564;3538
2064;2190;5684
7935;9815;2807
2061;4427;935
7938;2053;9063
2058;9679;7190
7941;7304;4314
2055;7811;8424
7944;5436;6552
2052;3062;4679
7947;688;1803
2049;9317;9931
7950;6943;9935
2046;551;8063
7953;8177;5186
2043;6806;3314
7956;4432;1442
2040;2058;5552
7959;9683;2675
2037;2331;803
7962;9956;8931
2034;7582;7058
7965;5207;4182
2031;9820;6327
7968;7445;4455
2028;5071;2583
7971;2696;9706
2025;1326;7834
7974;8952;1944
2022;595;72
7977;8221;7195
2019;6850;5323
7980;4476;3450
2016;2102;5596
7983;9727;2719
2013;4339;847
7986;1965;8975
2010;9591;7102
7989;7216;4226
2007;9864;8336
7992;7489;6464
2004;5115;4591
7995;2740;1715
2001;1370;9843
7998;8996;1988
1998;2604;116
8001;229;7239
1995;8859;5367
8004;6485;3494
1992;4110;7605
8007;1736;4728
1989;2243;2856
8010;9868;983
1986;7494;9111
8013;5119;6235
1983;9732;6239
8016;7357;4367
1980;4983;2495
8019;2608;9618
1977;1238;7746
8022;8864;1856
1974;507;9984
8025;8133;7107
1971;6762;5235
8028;4388;3362
1968;2014;5508
8031;9639;2631
1965;4251;759
8034;1877;8887
1962;9503;7014
8037;7128;4138
1959;9776;8248
8040;7401;6376
1956;5027;4503
8043;2652;1627
1953;1282;9755
8046;8908;1900
1950;2516;28
8049;141;7151
1947;8771;5279
8052;6397;3406
1944;4022;7517
8055;1648;4640
1941;4295;2768
8058;1921;895
1938;9547;9023
8061;7172;6147
1935;1784;8292
8064;9410;6420
1932;7036;4547
8067;4661;1671
1929;3291;9799
8070;917;3909
1926;1082;2036
8073;8707;9160
1923;7337;7288
8076;4963;5415
1920;2588;3983
8079;214;1106
1917;4826;9234
8082;2452;7362
1914;77;5490
8085;7703;2613
1911;350;6723
8088;7976;4851
1908;5601;2979
8091;3227;102
1905;1857;8230
8094;9482;375
1902;3090;8503
8097;716;5626
1899;9346;3754
8100;6971;1882
1896;4597;5992
8103;2222;3115
1893;4870;1243
8106;2496;9371
1890;121;7498
8109;7747;4622
1887;2359;6767
8112;9985;4895
1884;7610;3023
8115;5236;146
1881;3866;8274
8118;1491;2384
1878;3134;512
8121;760;7635
1875;9390;5763
8124;7015;3890
1872;4641;6036
8127;2266;3159
1869;6879;1287
8130;4504;9415
1866;2130;7542
8133;9755;4666
1863;262;8776
8136;7888;6904
1860;5513;5031
8139;3139;2155
1857;1769;282
8142;9394;287
1854;3002;8415
8145;628;5538
1851;9258;3666
8148;6883;1794
1848;4509;5904
8151;2134;3027
1845;4782;1155
8154;2408;9283
1842;33;7410
8157;7659;4534
1839;2271;6679
8160;9897;4807
8162;399;5309
1836;7522;2935
8165;5650;560
1833;3778;8186
8168;5923;2798
1830;3046;424
8171;1174;8049
1827;9302;5675
8174;7430;8322
1824;4553;5948
8177;8663;3573
1821;6791;1199
8180;4919;9829
1818;2042;7454
8183;170;1062
1815;2315;8688
1813;2817;9190
8186;443;7318
1810;8068;5446
8189;5694;2569
1807;306;4714
8192;7932;2842
1804;5557;970
8195;3183;8093
1801;1813;6221
8198;9438;331
1798;8941;8459
8201;6566;5582
1795;5196;3710
8204;2822;1838
1792;447;1842
8207;8073;8966
1789;2685;7093
8210;311;5221
1786;7936;3349
8213;5562;472
1783;8209;3734
8216;5835;1862
1780;3461;9989
8219;1086;7113
1777;9716;5241
8222;7342;9351
1774;950;7478
8225;8575;4602
1771;7205;2730
8228;4831;857
1768;2456;3003
8231;82;126
1765;2729;8254
8234;355;6382
1762;7980;4509
8237;5606;1633
1759;218;5743
8240;7844;3871
1756;5469;1998
8243;3095;9122
1753;1725;7249
8246;9350;9395
1750;994;7522
8249;8619;4646
1747;7249;2774
8252;4875;901
1744;2500;5011
8255;126;2135
1741;4738;263
8258;2364;8390
1738;9989;6518
8261;7615;3641
1735;8121;5787
8264;5747;3915
1732;3373;2042
8267;998;9166
1729;9628;7293
8270;7254;1404
1726;862;9531
8273;8487;6655
1723;7117;4782
8276;4743;2910
1720;2368;2915
8279;9994;38
1717;2641;8166
8282;267;6294
1714;7892;4421
8285;5518;1545
1711;130;5655
8288;7756;3783
1708;5381;1910
8291;3007;9034
1705;1637;7161
8294;9262;9307
1702;906;7434
8297;8531;4558
1699;7161;2686
8300;4787;813
1696;2412;4923
8303;38;2047
1693;4650;175
8306;2276;8302
1690;9901;6430
8309;7527;3553
1687;174;5699
8312;7800;3827
1684;5425;1954
8315;3051;9078
1681;1681;7205
8318;9306;1316
1678;2914;9443
8321;540;6567
1675;9170;4694
8324;6795;2822
1672;4421;4967
8327;2046;2091
1669;1116;219
8330;8742;8346
1666;6368;6474
8333;3993;3597
1663;8605;7708
8336;6231;5835
1660;3857;3963
8339;1482;1086
1657;112;9214
8342;7738;9219
1654;9381;7346
8345;7006;4470
1651;5636;2598
8348;3262;725
1648;887;4835
8351;8513;1959
1645;3125;87
8354;751;8214
1642;8376;6342
8357;6002;3465
1639;8649;5611
8360;6275;3739
1636;3901;1866
8363;1526;8990
1633;156;7117
8366;7782;1228
1630;1390;9355
8369;9015;6479
1627;7645;4606
8372;5271;2734
1624;2896;4879
8375;522;2003
1621;3169;131
8378;795;8258
1618;8420;6386
8381;6046;3509
1615;658;7620
8384;8284;5747
1612;5909;3875
8387;3535;998
1609;2165;9126
8390;9790;1272
1606;9293;9399
8393;6918;6523
1603;5548;4650
8396;3174;2778
1600;799;6888
8399;8425;4012
1597;3037;2139
8402;663;267
1594;8288;8395
8405;5914;5518
1591;8561;5523
8408;6187;3651
1588;3813;1778
8411;1438;8902
1585;68;7029
8414;7694;1140
1582;1302;9267
8417;8927;6391
1579;7557;4518
8420;5183;2646
1576;2808;4791
8423;434;1915
1573;3081;43
8426;707;8170
1570;8332;6298
8429;5958;3421
1567;570;7532
8432;8196;5659
1564;5821;3787
8435;3447;910
1561;2077;9038
8438;9702;1184
1558;1346;9311
8441;8971;6435
1555;7601;4562
8444;5227;2690
1552;2852;6800
8447;478;3924
1549;5090;2051
8450;2716;179
1546;341;8307
8453;7967;5430
1543;8473;7576
8456;6099;5703
1540;3725;3831
8459;1350;954
1537;9980;9082
8462;7606;3192
1534;1214;1320
8465;8839;8443
1531;7469;6571
8468;5095;4699
1528;2720;3267
8471;346;390
1525;2993;8518
8474;619;6645
1522;8244;4773
8477;5870;1897
1519;482;6007
8480;8108;4134
1516;5733;2262
8483;3359;9386
1513;1989;7513
8486;9614;9659
1510;1258;7786
8489;8883;4910
1507;7513;3038
8492;5139;1165
1504;2764;5275
8495;390;2399
1501;5002;527
8498;2628;8654
1498;253;6782
8501;7879;3905
1495;526;6051
8504;8152;4178
1492;5777;2306
8507;3403;9430
1489;2033;7557
8510;9658;1667
1486;3266;9795
8513;892;6919
1483;9522;5046
8516;7147;3174
1480;4773;5319
8519;2398;2443
1477;2905;571
8522;531;8698
1474;8156;6826
8525;5782;3949
1471;394;8060
8528;8020;6187
1468;5645;4315
8531;3271;1438
1465;1901;9566
8534;9526;9571
1462;1170;7698
8537;8795;4822
1459;7425;2950
8540;5051;1077
1456;2676;5187
8543;302;2311
1453;4914;439
8546;2540;8566
1450;165;6694
8549;7791;3817
1447;438;5963
8552;8064;4090
1444;5689;2218
8555;3315;9342
1441;1945;7469
8558;9570;1580
1438;3178;9707
8561;804;6831
1435;9434;4958
8564;7059;3086
1432;4685;5231
8567;2310;2355
1429;4958;483
8570;2584;8610
1426;209;6738
8573;7835;3861
1423;2447;7972
8576;73;6099
1420;7698;4227
8579;5324;1350
1417;3954;9478
8582;1579;1623
1414;9645;9751
8585;7270;6875
1411;5900;5002
8588;3526;3130
1408;1151;7240
8591;8777;4364
1405;3389;2491
8594;1015;619
1402;8640;8747
8597;6266;5870
1399;8913;5875
8600;6539;4003
1396;4164;2130
8603;1790;9254
1393;420;7381
8606;8046;1492
1390;1653;9619
8609;9279;6743
1387;7909;4870
8612;5535;2998
1384;3160;5143
8615;786;2267
1381;3433;395
8618;1059;8522
1378;8684;6650
8621;6310;3773
1375;922;7884
8624;8548;6011
1372;6173;4139
8627;3799;1262
1369;2429;9390
8630;54;1536
1366;1697;9663
8633;9323;6787
1363;7953;4914
8636;5579;3042
1360;3204;7152
8639;830;4276
1357;5442;2403
8642;3068;531
1354;693;8659
8645;8319;5782
1351;8825;7928
8648;6451;6055
1348;4076;4183
8651;1702;1306
1345;332;9434
8654;7958;3544
1342;1565;1672
8657;9191;8795
1339;7821;6923
8660;5447;5051
1336;3072;5055
8663;698;2179
1333;3345;307
8666;971;8434
1330;8596;6562
8669;6222;3685
1327;834;7796
8672;8460;5923
1324;6085;4051
8675;3711;1174
1321;2341;9302
8678;9966;1448
1318;1609;9575
8681;9235;6699
1315;7865;4826
8684;5491;2954
1312;3116;7064
8687;742;4188
1309;5354;2315
8690;2980;443
1306;605;8571
8693;8231;5694
1303;878;7840
8696;8504;5967
1300;6129;4095
8699;3755;1218
1297;2385;9346
8702;10;3456
1294;3618;1584
8705;1244;8707
1291;9874;6835
8708;7499;4963
1288;5125;7108
8711;2750;4232
1285;3257;2359
8714;883;487
1282;8508;8615
8717;6134;5738
1279;746;9848
8720;8372;7976
1276;5997;6104
8723;3623;3227
1273;2253;1355
8726;9878;9923
1270;1521;8050
8729;9147;5174
1267;7777;3302
8732;5403;1429
1264;3028;5539
8735;654;2663
1261;5266;791
8738;2892;8918
1258;517;7046
8741;8143;4169
1255;790;6315
8744;8416;4442
1252;6041;2570
8747;3667;9694
1249;2297;7821
8750;9922;1931
1246;3530;59
8753;1156;7183
1243;9786;5310
8756;7411;3438
1240;5037;5583
8759;2662;2707
1237;5310;835
8762;2936;8962
1234;561;7090
8765;8187;4213
1231;2799;8324
8768;425;6451
1228;8050;4579
8771;5676;1702
1225;4306;9830
8774;1931;1975
1222;1433;103
8777;9059;7227
1219;7689;5354
8780;5315;3482
1216;2940;7592
8783;566;4716
1213;5178;2843
8786;2804;971
1210;429;9099
8789;8055;6222
1207;702;6227
8792;8328;4354
1204;5953;2482
8795;3579;9606
1201;2209;7733
8798;9834;1843
1198;3442;9971
8801;1068;7095
1195;9698;5222
8804;7323;3350
1192;4949;5495
8807;2574;2619
1189;5222;747
8810;2848;8874
1186;473;7002
8813;8099;4125
1183;2711;8236
8816;337;6363
1180;7962;4491
8819;5588;1614
1177;4218;9742
8822;1843;1887
1174;3486;15
8825;1112;7139
1171;9742;5266
8828;7367;3394
1168;4993;7504
8831;2618;4628
1165;7231;2755
8834;4856;883
1162;2482;9011
8837;107;6134
1159;9177;8280
8840;6803;6407
1156;4428;4535
8843;2054;1658
1153;684;9786
8846;8310;3896
1150;1917;2024
8849;9543;9147
1147;8173;7275
8852;5799;5403
1144;3424;5407
8855;1050;2531
1141;3697;659
8858;1323;8786
1138;8948;6914
8861;6574;4037
1135;1186;8148
8864;8812;6275
1132;6437;4403
8867;4063;1526
1129;2693;9654
8870;318;1799
1126;1961;9927
8873;9587;7051
1123;8217;5178
8876;5842;3306
1120;3468;7416
8879;1094;4540
1117;5706;2667
8882;3331;795
1114;957;8923
8885;8583;6046
1111;1230;8192
8888;8856;6319
1108;6481;4447
8891;4107;1570
1105;2737;9698
8894;362;3808
1102;3970;1936
8897;1596;9059
1099;226;7187
8900;7851;5315
1096;5477;7460
8903;3102;4584
1093;3609;2711
8906;1235;839
1090;8860;8967
8909;6486;6090
1087;1098;200
8912;8724;8328
1084;6349;6456
8915;3975;3579
1081;2605;1707
8918;230;1711
1078;1873;9839
8921;9499;6963
1075;8129;5090
8924;5755;3218
1072;3380;7328
8927;1006;4452
1069;5618;2579
8930;3244;707
1066;869;8835
8933;8495;5958
1063;1142;8104
8936;8768;6231
1060;6393;4359
8939;4019;1482
1057;2649;9610
8942;274;3720
1054;3882;1848
8945;1508;8971
1051;138;7099
8948;7763;5227
1048;5389;7372
8951;3014;4496
1045;5662;2623
8954;3288;751
1042;913;8879
8957;8539;6002
1039;3151;112
8960;777;8240
1036;8402;6368
8963;6028;3491
1033;4658;1619
8966;2283;3764
1030;1785;1892
8969;9411;9015
1027;8041;7143
8972;5667;5271
1024;3292;9381
8975;918;6504
1021;5530;4632
8978;3156;2760
1018;781;888
8981;8407;8011
1015;1054;6579
8984;8680;4706
1012;6305;2834
8987;3931;9958
1009;2561;8085
8990;186;2195
1006;3794;323
8993;1420;7447
1003;50;5574
8996;7675;3702
1000;5301;5847
8999;2926;2971
997;5574;1098
9002;3200;9226
994;825;7354
9005;8451;4477
991;3063;8587
9008;689;6715
988;8314;4843
9011;5940;1966
985;4570;94
9014;2195;2239
982;3838;367
9017;1464;7491
979;94;5618
9020;7719;3746
976;5345;7856
9023;2970;4980
973;7583;3107
9026;5208;1235
970;2834;9363
9029;459;6486
967;966;8631
9032;8592;6759
964;6217;4887
9035;3843;2010
961;2473;138
9038;98;4248
958;3706;2376
9041;1332;9499
955;9962;7627
9044;7587;5755
952;5213;5759
9047;2838;2883
949;5486;1010
9050;3112;9138
946;737;7266
9053;8363;4389
943;2975;8500
9056;601;6627
940;8226;4755
9059;5852;1878
937;4482;6
9062;2107;2151
934;3750;279
9065;1376;7403
931;6;5530
9070;8134;143
928;5257;7768
9073;9367;5394
925;7495;3019
9076;5623;1649
922;2746;9275
9079;874;918
919;3019;8543
9082;1147;7173
916;8270;4799
9085;6398;2425
913;4526;50
9088;8636;4662
910;5759;2288
9091;3887;9914
907;2015;7539
905;2517;8041
9094;142;187
902;8262;8314
9097;5887;5438
899;4517;3565
9100;2143;1693
896;9768;5803
9103;7394;2927
893;2006;1054
9106;9632;9182
890;7257;7310
9109;4883;4433
887;7530;4438
9112;5156;2566
884;2781;693
9115;407;7817
881;9037;5945
9118;6662;55
878;270;8182
9121;7896;5306
875;6526;3434
9124;4151;1561
872;1777;3707
9127;9403;830
869;2050;8958
9130;9676;7085
866;7301;5213
9133;4927;2337
863;9539;6447
9136;7165;4574
860;4790;2702
9139;2416;9826
857;1046;7953
9142;8671;99
854;314;8226
9145;7940;5350
851;6570;3478
9148;4195;1605
848;1821;5715
9151;9447;2839
845;4059;967
9154;1684;9094
842;9310;7222
9157;6936;4345
839;3794;6491
9160;1420;4618
836;9045;2746
9163;6671;9870
833;5301;7997
9166;2926;2107
830;6534;235
9169;4160;7359
827;2790;5486
9172;415;3614
824;8041;3619
9175;5667;742
821;8314;8870
9178;5940;6997
818;3565;5125
9181;1191;2249
815;5803;6359
9184;3429;4486
812;1054;2614
9187;8680;9738
809;7310;7865
9190;4935;11
806;6578;8138
9193;4204;5262
803;2834;3390
9196;459;1517
800;8085;5627
9199;5711;2751
797;323;879
9202;7948;9006
794;5574;7134
9205;3200;4257
791;9495;6403
9208;7121;4530
788;4746;2658
9211;2372;9782
785;1002;7909
9214;8627;2019
782;8587;147
9217;6213;7271
779;4843;5398
9220;2468;3526
776;94;5671
9223;7719;2795
773;8226;923
9226;5852;9050
770;3477;7178
9229;1103;4301
767;5715;8412
9232;3341;6539
764;966;4667
9235;8592;1790
761;7222;9918
9238;4847;4233
758;6490;2361
9241;4116;9484
755;2746;7612
9244;371;5740
752;7997;9850
9247;5623;6973
749;235;5101
9250;7860;3229
746;5486;1357
9253;3112;8480
743;5759;625
9256;3385;8753
740;1010;6881
9259;8636;4004
737;7266;2132
9262;4891;6242
734;8499;4370
9265;6125;1493
731;4755;9621
9268;2380;7749
728;6;9894
9271;7631;7017
725;279;5145
9274;7904;3273
722;5530;1401
9277;3156;8524
719;7768;2634
9280;5393;762
716;3019;8890
9283;645;6013
713;9275;4141
9286;6900;6286
710;6402;4414
9289;4028;1537
707;2658;9665
9292;283;7793
704;7909;1903
9295;5535;9026
701;147;7154
9298;7772;5282
698;5398;3409
9301;3024;533
695;5671;537
9304;3297;8665
692;922;6793
9307;8548;3916
689;7178;2044
9310;4803;6154
686;8411;4282
9313;6037;1405
683;4667;9533
9316;2292;7661
680;9918;9806
9319;7543;6929
677;191;5057
9322;7816;3185
674;5442;1313
9325;3068;8436
671;7680;2546
9328;5305;674
668;2931;8802
9331;557;5925
665;9187;4053
9334;6812;6198
662;8455;4326
9337;6081;1449
659;4711;9577
9340;2336;7705
656;9962;1815
9343;7587;8938
653;2200;7066
9346;9825;5194
650;7451;3321
9349;5076;445
647;7794;2590
9352;5420;718
644;3045;8846
9355;671;5969
641;9301;4097
9358;6926;8207
638;534;6335
9361;8160;3458
635;6790;1586
9364;4415;9713
632;2041;9718
9367;9667;6841
629;2314;4969
9370;9940;3097
626;7565;1225
9373;5191;8348
623;9803;2458
9376;7429;586
620;5054;8714
9379;2680;5837
617;1310;3965
9382;8935;6110
614;578;4238
9385;8204;1361
611;6834;9489
9388;4459;7617
608;2085;1727
9391;9711;8850
605;4323;6978
9394;1948;5106
602;9574;3233
9397;7200;357
599;9847;2502
9400;7473;630
596;5098;8758
9403;2724;5881
593;1354;4009
9406;8979;8119
590;2587;6247
9409;213;3370
587;8843;1498
9412;6468;9625
584;4094;1771
9415;1719;8894
581;2226;7022
9418;9852;5150
578;7477;3277
9421;5103;401
575;9715;4511
9424;7341;2639
572;4966;766
9427;2592;7890
569;1222;6017
9430;8847;6022
566;490;4150
9433;8116;1273
563;6746;9401
9436;4371;7529
560;1997;1639
9439;9623;8762
557;4235;6890
9442;1860;5018
554;9486;3145
9445;7112;269
551;9759;2414
9448;7385;542
548;5010;8670
9451;2636;5793
545;1266;3921
9454;8891;8031
542;2499;6159
9457;125;3282
539;8755;1410
9460;6380;9537
536;4006;1683
9463;1631;8806
533;4279;6934
9466;1904;5062
530;9530;3189
9469;7156;313
527;1768;4423
9472;9393;2551
524;7019;678
9475;4645;7802
521;3274;5929
9478;900;8075
518;402;6203
9481;8028;3326
515;6658;1454
9484;4283;9581
512;1909;3692
9487;9535;815
509;4147;8943
9490;1772;7070
506;9398;5198
9493;7024;2322
503;9671;889
9496;7297;9017
500;4922;7145
9499;2548;4268
497;1178;2396
9502;8803;6506
494;2411;4634
9505;37;1757
491;8667;9885
9508;6292;8013
488;3918;158
9511;1543;7281
485;4191;5409
9514;1816;3537
482;9442;1665
9517;7068;8788
479;1680;2898
9520;9305;1026
476;6931;9154
9523;4557;6277
473;3186;4405
9526;812;6550
470;2455;4678
9529;81;1801
467;8711;9929
9532;6336;8057
464;3962;2167
9535;1587;9290
461;6200;7418
9538;3825;5546
458;1451;3673
9541;9076;797
455;9583;2942
9544;7209;1070
452;4834;9198
9547;2460;6321
449;1090;4449
9550;8715;8559
446;2323;6687
9553;9949;3810
443;8579;1938
9556;6204;65
440;3830;70
9559;1455;7193
437;4103;5321
9562;1728;3449
434;9354;1577
9565;6980;8700
431;1592;2810
9568;9217;938
428;6843;9066
9571;4469;6189
425;3099;4317
9574;724;6462
422;2367;4590
9577;9993;1713
419;8623;9841
9580;6248;7969
416;3874;2079
9583;1499;9202
413;6112;7330
9586;3737;5458
410;1363;3585
9589;8988;709
407;1636;2854
9592;9261;982
404;6887;9110
9595;4513;6233
401;3142;4361
9598;768;8471
398;4376;6599
9601;2002;3722
395;631;1850
9604;8257;9977
392;5883;2123
9607;3508;9246
389;2578;7374
9610;204;5502
386;7829;3629
9613;5455;753
383;67;4863
9616;7693;2991
380;5318;1118
9619;2944;8242
377;1574;6369
9622;9199;6374
374;842;4502
9625;8468;1625
371;7098;9753
9628;4723;7881
368;2349;1991
9631;9975;9114
365;4587;7242
9634;2212;5370
362;9838;3497
9637;7464;621
359;111;2766
9640;7737;894
356;5362;9022
9643;2988;6145
353;1618;4273
9646;9243;8383
350;2851;6511
9649;477;3634
347;9107;1762
9652;6732;9889
344;4358;2035
9655;1983;9158
341;4631;7286
9658;2256;5414
338;9882;3541
9661;7508;665
335;2120;4775
9664;9745;2903
332;7371;1030
9667;4997;8154
329;3626;6281
9670;1252;8427
326;754;6555
9673;8380;3678
323;7010;1806
9676;4635;9933
320;2261;4044
9679;9887;1167
317;4499;9295
9682;2124;7422
314;9750;5550
9685;7376;2674
311;23;2678
9688;7649;806
308;5274;8934
9691;2900;6057
305;1530;4185
9694;9155;8295
302;2763;6423
9697;389;3546
299;9019;1674
9700;6644;9801
296;4270;1947
9703;1895;9070
293;4543;7198
9706;2168;5326
290;9794;3453
9709;7420;577
287;2032;4687
9712;9657;2815
284;7283;942
9715;4909;8066
281;3538;6193
9718;1164;8339
278;2807;6467
9721;433;3590
275;9063;1718
9724;6688;9845
272;4314;3956
9727;1939;1079
269;6552;9207
9730;4177;7334
266;1803;5462
9733;9428;2586
263;9935;4731
9736;7561;2859
260;5186;986
9739;2812;8110
257;1442;6237
9742;9067;348
254;2675;8475
9745;301;5599
251;8931;3726
9748;6556;1854
248;4182;422
9751;1807;7545
245;4455;5673
9754;2080;3801
242;9706;1929
9757;7332;9052
239;1944;3162
9760;9569;1290
236;7195;9418
9763;4821;6541
233;3450;4669
9766;1076;6814
230;2719;4942
9769;345;2065
227;8975;193
9772;6600;8321
224;4226;2431
9775;1851;9554
221;6464;7682
9778;4089;5810
218;1715;3937
9781;9340;1061
215;1988;3206
9784;9613;1334
212;7239;9462
9787;4865;6585
209;3494;4713
9790;1120;8823
206;4728;6951
9793;2354;4074
203;983;2202
9796;8609;329
200;6235;2475
9799;3860;9598
197;4367;7726
9802;1992;5854
194;9618;3981
9805;7244;1105
191;1856;5215
9808;9481;3343
188;7107;1470
9811;4733;8594
185;3362;6721
9814;988;6726
182;2631;4854
9817;257;1977
179;8887;105
9820;6512;8233
176;4138;2343
9823;1763;9466
173;6376;7594
9826;4001;5722
170;1627;3849
9829;9252;973
167;1900;3118
9832;9525;1246
164;7151;9374
9835;4777;6497
161;3406;4625
9838;1032;8735
158;4640;6863
9841;2266;3986
155;895;2114
9844;8521;241
152;6147;2387
9847;3772;9510
149;6420;7638
9850;4045;5766
146;1671;3893
9853;9296;1017
143;3909;5127
9856;1534;3255
140;9160;1382
9859;6785;8506
137;5415;6633
9862;3041;8779
134;1106;6907
9865;8732;4030
131;7362;2158
9868;4987;285
128;2613;4396
9871;238;1519
125;4851;9647
9874;2476;7774
122;102;5902
9877;7727;3025
119;375;3030
9880;8001;1158
116;5626;9286
9883;3252;6409
113;1882;4537
9886;9507;8647
110;3115;6775
9889;741;3898
107;9371;2026
9892;6996;153
104;4622;2299
9895;2247;9422
101;4895;7550
9898;2520;5678
98;146;3805
9901;7771;929
95;2384;5039
9904;9;3167
92;7635;1294
9907;5260;8418
89;3890;6545
9910;1516;8691
86;3159;6819
9913;785;3942
83;9415;2070
9916;7040;197
80;4666;4308
9919;2291;1431
77;6904;9559
9922;4529;7686
74;2155;5814
9925;9780;2937
71;287;5083
9928;7913;3211
68;5538;1338
9931;3164;8462
65;1794;6589
9934;9419;700
62;3027;8827
9937;653;5951
59;9283;4078
9940;6908;2206
56;4534;2211
9943;2159;9334
53;4807;7462
9946;2432;5590
50;58;3717
9949;7683;841
47;2296;4951
9952;9921;3079
44;7547;1206
9955;5172;8330
41;3802;6457
9958;1428;8603
38;3071;6731
9961;697;3854
35;9327;1982
9964;6952;109
32;4578;4220
9967;2203;1343
29;6816;9471
9970;4441;7598
26;2067;5726
9973;9692;2849
9975;194;7369
23;2340;4995
9978;468;3625
20;7591;1250
9981;5719;8876
17;3846;6501
9984;7957;1114
14;5080;8739
9987;3208;6365
11;1335;3990
9990;9463;6638
8;6587;4264
9993;6591;1889
5;4719;9515
9996;2847;8145
2;9970;5770
9999;8098;9378
