5000;8985;5131
4997;1862;7506
5003;4236;382
4994;7113;3761
5006;492;7078
4991;9351;9452
5009;1725;2329
4988;4602;5708
5012;7981;8585
4985;857;959
5015;3232;9818
4982;126;3197
5018;3505;6074
4979;6382;8448
5021;8756;1325
4976;1633;8721
5024;994;1598
4973;3871;3972
5027;6245;6849
4970;9122;228
5030;2500;9087
4967;9395;1461
5033;1769;4338
4964;4646;7717
5036;8025;593
4961;901;2968
5039;3276;9862
4958;2135;3241
5042;5514;6118
4955;8390;8492
5045;765;1369
4952;3641;730
5048;1038;3607
4949;3915;5981
5051;6289;8858
4946;9166;2236
5054;2544;9131
4943;1404;1505
5057;3778;4382
4940;6655;7761
5060;33;637
4937;2910;3012
5063;5285;1871
4934;38;5250
5066;3417;8126
4931;6294;501
5069;8668;3377
4928;1545;8633
5072;906;1510
4925;3783;3884
5075;6157;6761
4922;9034;140
5078;2412;8999
4919;9307;1373
5081;1681;4250
4916;4558;7629
5084;7937;505
4913;813;2880
5087;3188;9774
4910;2047;3153
5090;5426;6030
4907;8302;8404
5093;677;1281
4904;3553;642
5096;950;3519
4901;3827;5893
5099;6201;8770
4898;9078;2149
5102;2456;9043
4895;1316;1417
5105;3690;4294
4892;6567;7673
5108;9945;549
4889;2822;2924
5111;5197;1783
4886;2091;5162
5114;5470;8038
4883;8346;413
5117;721;3289
4880;3597;686
5120;2959;3563
4877;5835;5937
5123;8210;8814
4874;1086;2192
5126;4465;1052
4871;9219;3426
5129;1593;6303
4868;4470;9681
5132;7849;2558
4865;725;4933
5135;3100;9686
4862;1959;3065
5138;5338;5942
4859;8214;8316
5141;589;1193
4856;3465;554
5144;862;3431
4853;3739;5805
5147;6113;8682
4850;8990;2061
5150;2368;8955
4847;1228;1329
5153;3602;4206
4844;6479;7585
5156;9857;461
4841;2734;2836
5159;5109;1695
4838;2003;5074
5162;5382;7950
4835;8258;325
5165;633;3201
4832;3509;598
5168;2871;3475
4829;5747;5849
5171;8122;8726
4826;998;2105
5174;4377;964
4823;1272;3338
5177;3646;6215
4820;6523;9594
5180;9901;2470
4817;2778;4845
5183;5153;1739
4814;4012;5118
5186;7390;7994
4811;267;369
5189;2642;3245
4808;5518;2607
5192;774;5483
4805;3651;7858
5195;6025;734
4802;8902;4113
5198;2280;8867
4799;1140;1241
5201;3514;4118
4796;6391;7497
5204;9769;373
4793;2646;2748
5207;5021;1607
4790;1915;4986
5210;5294;7862
4787;8170;237
5213;545;3113
4784;3421;510
5216;2783;3387
4781;5659;5761
5219;8034;8638
4778;910;2017
5222;4289;876
4775;1184;3250
5225;3558;6127
4772;6435;9506
5228;9813;2382
4769;2690;4757
5231;5065;1651
4766;3924;5030
5234;7302;7906
4763;179;281
5237;2554;3157
4760;5430;2519
5240;2827;5395
4757;5703;7770
5243;8078;646
4754;954;4025
5246;4333;920
4751;3192;3294
5249;5567;6171
4748;8443;9550
5252;1822;2426
4745;4699;4801
5255;7073;3660
4742;390;7039
5258;3769;9915
4739;6645;2290
5261;9020;5166
4736;1897;1084
5264;1258;3961
4733;4134;6336
5267;6509;9212
4730;9386;2591
5270;2764;1450
4727;9659;3825
5273;2033;6701
4724;4910;80
5276;8289;2957
4721;1165;5331
5279;3540;2225
4718;2399;5604
5282;5778;8481
4715;8654;855
5285;1029;3732
4712;3905;3093
5288;1302;5970
4709;4178;8344
5291;6553;1221
4706;9430;4600
5294;2808;1494
4703;1667;3869
5297;4042;6745
4700;6919;124
5300;297;3001
4697;3174;5375
5303;5549;4234
4694;2443;7613
5306;5822;490
4691;8698;2864
5309;1073;5741
4688;3949;3137
5312;3311;6014
4685;6187;8388
5315;8562;1265
4682;1438;4644
5318;4817;3503
4679;9571;5877
5321;1945;8754
4676;4822;2133
5324;8201;5010
4673;1077;7384
5327;3452;2137
4670;2311;5516
5330;5690;8393
4667;8566;767
5333;941;3644
4664;3817;3005
5336;1214;5882
4661;4090;8256
5339;6465;1133
4658;9342;4512
5342;2720;1406
4655;1580;3781
5345;3954;6657
4652;6831;36
5348;209;2913
4649;3086;5287
5351;5461;4146
4646;2355;7525
5354;5734;402
4643;8610;2776
5357;985;5653
4640;3861;3049
5360;3223;5926
4637;6099;8300
5363;8474;1177
4634;1350;4556
5366;4729;3415
4631;1623;5789
5369;3998;8666
4628;6875;2045
5372;253;4922
4625;3130;7296
5375;5505;4190
4622;4364;7569
5378;7742;446
4619;619;2820
5381;2994;5697
4616;5870;5058
5384;1126;7935
4613;4003;309
5387;6377;3186
4610;9254;6565
5390;2632;1318
4607;1492;3693
5393;3866;6569
4604;6743;9948
5396;121;2825
4601;2998;5199
5399;5373;4058
4598;2267;7437
5402;5646;314
4595;8522;2688
5405;897;5565
4592;3773;2961
5408;3135;5838
4589;6011;8212
5411;8386;1089
4586;1262;4468
5414;4641;3327
4583;1536;5701
5417;3910;8578
4580;6787;1957
5420;165;4834
4577;3042;7208
5423;5417;4102
4574;4276;7481
5426;7654;358
4571;531;2732
5429;2906;5609
4568;5782;4970
5432;3179;7847
4565;6055;221
5435;8430;3098
4562;1306;6477
5438;4685;3371
4559;3544;5745
4556;8795;2001
5443;6421;9124
4553;5051;7252
5446;2676;1362
4550;2179;9490
5449;9804;6613
4547;8434;4741
5452;6060;2869
4544;3685;2873
5455;1311;9997
4541;5923;8124
5458;3549;6252
4538;1174;4380
5461;8800;1503
4535;1448;5613
5464;9073;3741
4533;1950;6116
5467;4324;8992
4530;7201;2371
5470;580;9265
4527;9439;1640
5473;1813;4516
4524;4690;7895
5476;8069;772
4521;945;3146
5479;3320;2005
4518;214;5384
5482;3593;8261
4515;6470;635
5485;8844;3512
4512;1721;908
5488;1082;3785
4509;3959;6160
5491;6333;9036
4506;9210;2415
5494;2588;1274
4503;9483;3649
5497;1857;6525
4500;4734;9904
5500;8113;2781
4497;989;5155
5503;3364;2049
4494;2223;5428
5506;5602;8305
4491;8478;679
5509;853;3556
4488;3729;2917
5512;7548;5794
4485;425;8168
5515;2799;1045
4482;5676;4424
5518;9055;7741
4479;7914;115
5521;288;2992
4476;3165;6370
5524;6544;9247
4473;9420;1622
5527;1795;481
4470;8689;3859
5530;2068;6736
4467;4945;9111
5533;7319;1987
4464;196;9384
5536;9557;2260
4461;2434;4635
5539;4808;7511
4458;7685;890
5542;1064;9749
4455;7958;2124
5545;332;5000
4452;3209;8379
5548;6588;1256
4449;9464;3630
5551;1839;525
4446;698;3903
5554;4077;6780
4443;6953;9155
5557;9328;2031
4440;2205;1392
5560;9601;4269
4437;2478;6644
5563;4852;9520
4434;7729;2899
5566;1108;9793
4431;9967;2168
5569;2341;5044
4428;5218;8423
5572;8597;1300
4425;1473;3674
5575;3848;2533
4422;8601;5912
5578;1980;8789
4419;4857;1163
5581;7231;4040
4416;108;9296
5584;9469;2172
4413;2346;4547
5587;4720;7423
4410;7597;802
5590;976;9661
4407;7870;2036
5593;244;4912
4404;3121;8291
5596;6500;1168
4401;9376;3542
5599;1751;437
4398;610;3815
5602;3989;6692
4395;6865;9067
5605;9240;1943
4392;2117;1304
5608;9513;4181
4389;2390;6556
5611;4764;9432
4386;7641;2811
5614;1020;9705
4383;9879;2080
5617;2253;4956
4380;5130;8335
5620;8509;1212
4377;1385;3586
5623;3760;2445
4374;654;5824
5626;4033;8701
4371;6909;1075
5629;9284;3952
4368;2161;1348
5632;1522;4225
4365;4398;6600
5635;6773;9476
4362;9650;2855
5638;3028;1714
4359;7782;4089
5641;156;6965
4356;3033;344
5644;6412;3221
4353;9288;5595
5647;1663;349
4350;522;3727
5650;3901;6604
4347;6777;8979
5653;9152;1855
4344;2029;1216
5656;9425;4093
4341;2302;6468
5659;4676;9344
4338;7553;2723
5662;932;9617
4335;9791;1992
5665;2165;4868
4332;5042;8247
5668;8421;1124
4329;1297;3498
5671;3672;2357
4326;566;5736
5674;3945;8613
4323;6821;987
5677;9196;3864
4320;2073;1260
5680;1434;4137
4317;4310;6512
5683;6685;9388
4314;9562;2767
5686;2940;1626
4311;9835;4001
5689;2209;6877
4308;5086;256
5692;8465;3133
4305;1341;5507
5695;3716;2401
4302;2575;5780
5698;5954;8657
4299;8830;1031
5701;1205;3908
4296;4081;3269
5704;9337;6146
4293;2214;8520
5707;4588;1397
4290;7465;4776
5710;844;9529
4287;9703;1904
5713;2077;4780
4284;4954;8159
5716;8333;1036
4281;1209;3410
5719;3584;2269
4278;478;5648
5722;3857;8525
4275;6733;899
5725;9108;3776
4272;1985;1172
5728;1346;4049
4269;4222;6424
5731;6597;9300
4266;9474;2679
5734;2852;1538
4263;9747;3913
5737;2121;6789
4260;4998;168
5740;8377;3045
4257;1253;5419
5743;3628;2313
4254;2487;5692
5746;5866;8569
4251;8742;943
5749;1117;3820
4248;3993;3181
5752;1390;6058
4245;4266;8432
5755;6641;1309
4242;9518;4688
5758;2896;1582
4239;1755;3957
5761;4130;6833
4236;7007;212
5764;385;3089
4233;3262;5463
5767;5637;4322
4230;8953;7701
5770;2332;578
4227;5209;2952
5773;7583;5829
4224;460;9648
5776;9821;2524
4221;2698;4899
5779;5072;7775
4218;7949;1154
5782;1328;13
4215;8222;2388
5785;596;5264
4212;3473;8643
5788;6852;1520
4209;9728;3894
5791;2103;789
4206;962;4167
5794;4341;7044
4203;7217;9419
5797;9592;2295
4200;2469;1656
5800;9865;4533
4197;2742;6908
5803;5116;9784
4194;7993;3163
5806;1372;57
4191;231;2432
5809;2605;5308
4188;5482;2335
5812;8861;5212
4185;1737;7586
5815;4112;2797
4182;1006;6176
5818;4385;9053
4179;7261;1427
5821;9636;4304
4176;2513;5348
5824;1874;8225
4173;4750;600
5827;7125;3476
4170;2;6855
5830;3380;5714
4167;8134;8089
5833;508;965
4164;3385;4344
5836;6764;7221
4161;9640;9595
5839;2015;701
4158;874;4079
5842;4253;6956
4155;7129;9331
5845;9504;2207
4152;2381;1568
5848;9777;4445
4149;2654;6820
5851;5028;9696
4146;7905;3075
5854;1284;9969
4143;143;2344
5857;2517;5220
4140;5394;8599
5860;8773;1476
4137;1649;3850
5863;4024;2709
4134;918;6088
5866;4297;8965
4131;7173;1339
5869;9548;4216
4128;2425;1612
5872;1786;4489
4125;4662;6864
5875;7037;9740
4122;9914;3119
5878;3292;1978
4119;187;4353
5881;2561;7229
4116;5438;608
5884;8817;3485
4113;1693;5859
5887;4068;2753
4110;2927;6132
5890;6306;9009
4107;9182;1383
5893;1557;4260
4104;4433;3621
5896;9689;6498
4101;2566;8872
5899;4940;1749
4098;7817;5128
5902;1196;9881
4095;55;2256
5905;2429;5132
4092;5306;8511
5908;8685;1388
4089;1561;3762
5911;3936;2621
4086;830;6000
5914;4209;8877
4083;7085;1251
5917;9460;4128
4080;2337;1524
5920;1698;4401
4077;4574;6776
5923;6949;9652
4074;9826;3031
5926;3204;1890
4071;99;4265
5929;2473;7141
4068;5350;520
5932;8729;3397
4065;1605;5771
5935;3980;2665
4062;2839;6044
5938;6218;8921
4059;9094;1295
5941;1469;4172
4056;4345;3533
5944;1742;6410
4053;4618;8784
5947;6993;1661
4050;9870;5040
5950;3248;1934
4047;2107;4309
5953;4482;7185
4044;7359;564
5956;737;3441
4041;3614;5815
5959;5989;4674
4038;742;8053
5962;4121;930
4035;6997;3304
5965;9372;6181
4032;2249;1436
5968;1610;4313
4029;4486;6688
5971;6861;9564
4026;9738;2943
5974;3116;1802
4023;11;4177
5977;2385;7053
4020;5262;432
5980;8641;3309
4017;1517;5683
5983;3892;2577
4014;2751;5956
5986;6130;8833
4011;9006;1207
5989;1381;4084
4008;4257;3445
5992;1654;6322
4005;4530;8696
5995;6905;1573
4002;9782;4952
5998;3160;1846
3999;2019;4221
6001;4394;7097
3996;7271;476
6004;649;3353
3993;3526;5727
6007;5901;4586
3990;2795;7965
6010;6174;842
3987;9050;3216
6013;1425;6093
3984;4301;3489
6016;3663;6366
3981;6539;8740
6019;8914;1617
3978;1790;4996
6022;5169;3855
3975;4233;6229
6025;6608;9106
3972;9484;2485
6028;2863;5361
3969;5740;7736
6031;8114;4701
3966;6973;8079
6034;352;956
3963;3229;3330
6037;5603;6207
3960;8480;5568
6040;5876;8445
3957;8753;819
6043;1127;3696
3954;4004;7075
6046;7383;3969
3951;6242;6344
6049;8616;9220
3948;1493;2599
6052;4872;5476
3945;7749;7850
6055;123;6709
3942;7017;88
6058;396;2965
3939;3273;5339
6061;5647;8216
3936;8524;5612
6064;7885;8489
3933;762;863
6067;3136;3740
3930;6013;7119
6070;9392;5978
3927;6286;8352
6073;8660;1229
3924;1537;4608
6076;4916;7485
3921;7793;9859
6079;167;6753
3918;9026;132
6082;2405;3009
3915;5282;5383
6085;7656;8260
3912;533;7621
6088;5788;498
3909;8665;2872
6091;1039;5749
3906;3916;9128
6094;7295;3881
3903;6154;6256
6097;8528;9132
3900;1405;2511
6100;4784;5388
3897;7661;7762
6103;35;6621
3894;6929;0
6106;308;2877
3891;3185;5251
6109;5559;8128
3888;8436;5524
6112;7797;8401
3885;674;776
6115;3048;3652
3882;5925;7031
6118;9304;5890
3879;6198;8265
6121;8572;1141
3876;1449;4520
6124;4828;7397
3873;7705;9771
6127;79;6665
3870;8938;44
6130;2317;2921
3867;5194;5295
6133;7568;8172
3864;445;7533
6136;7841;410
3861;718;2784
6139;3092;5661
3858;5969;9040
6142;9348;5934
3855;8207;8309
6145;581;1185
3852;3458;4564
6148;6837;7441
3849;9713;9815
6151;2088;8674
3846;6841;2053
6154;220;4930
3843;3097;7304
6157;5471;181
3840;8348;5436
6160;7709;8313
3837;586;688
6163;2960;3564
3834;5837;6943
6166;9216;5802
3831;6110;8177
6169;8484;1053
3828;1361;4432
6172;4740;7309
3825;7617;9683
6175;9991;6577
3822;8850;9956
6178;2229;2833
3819;5106;5207
6181;7480;8084
3816;357;7445
6184;7753;322
3813;630;2696
6187;3004;5573
3810;5881;8952
6190;9260;5846
3807;8119;8221
6193;493;1097
3804;3370;4476
6196;6749;7353
3801;9625;9727
6199;2000;8586
3798;8894;1965
6202;2273;4842
3795;5150;7216
6205;7524;93
3792;401;7489
6208;9762;366
3789;2639;2740
6211;5013;5617
3786;7890;8996
6214;1269;7855
3783;6022;229
6217;8396;3106
3780;1273;6485
6220;4652;9361
3777;7529;1736
6223;9903;6489
3774;8762;9868
6226;2141;2745
3771;5018;5119
6229;7392;7996
3768;269;7357
6232;7665;234
3765;542;2608
6235;2916;5485
3762;5793;8864
6238;9172;5758
3759;8031;8133
6241;405;1009
3756;3282;4388
6244;6661;7265
3753;9537;9639
6247;1912;8498
3750;8806;1877
6250;2185;4754
3747;5062;7128
6253;7436;5
3744;313;7401
6256;9674;278
3741;2551;2652
6259;4925;5529
3738;7802;8908
6262;1181;7767
3735;8075;141
6265;449;3018
3732;3326;6397
6268;6705;9273
3729;9581;1648
6271;1956;8542
3726;815;1921
6274;4194;4798
3723;7070;7172
6277;9445;49
3720;2322;9410
6280;6140;2287
3717;9017;4661
6283;1391;7538
3714;4268;917
6286;7647;6333
3711;6506;8707
6289;8880;1584
3708;1757;4963
6292;5136;7839
3705;8013;214
6295;387;9073
3702;7281;2452
6298;660;5328
3699;3537;7703
6301;5911;579
3696;8788;7976
6304;8149;852
3693;1026;3227
6307;3400;6104
3690;6277;9482
6310;9656;8341
3687;6550;716
6313;8924;3593
3684;1801;6971
6316;5180;9848
3681;8057;2222
6319;431;9117
3678;9290;2496
6322;2669;5372
3675;5546;7747
6325;7920;623
3672;797;9985
6328;8193;2861
3669;1070;5236
6331;3444;8112
3666;6321;1491
6334;9700;8385
3663;8559;760
6337;933;3637
3660;3810;7015
6340;7189;9892
3657;65;2266
6343;2440;1126
3654;7193;4504
6346;572;7381
3651;3449;9755
6348;1074;7883
3648;8700;7888
6351;6325;5011
3645;938;3139
6354;8563;1267
3642;6189;9394
6357;3814;6518
3639;6462;628
6360;4088;8756
3636;1713;6883
6363;9339;4007
3633;7969;2134
6366;5594;4280
3630;9202;2408
6369;6828;9531
3627;5458;7659
6372;3083;5786
3625;5960;8161
6375;8334;7020
3622;5229;399
6378;8607;3275
3619;1484;5650
6381;3858;8527
3616;6735;5923
6384;6096;8800
3613;8973;1174
6387;1347;4051
3610;4224;7430
6390;7603;6289
3607;4497;8663
6393;6872;1540
3604;9748;4919
6396;3127;7795
3601;6004;170
6399;8378;7064
3598;7237;443
6402;616;3319
3595;3493;5694
6405;5867;8571
3592;8744;7932
6408;4000;808
3589;6876;3183
6411;9251;6060
3586;2127;9438
6414;5506;4192
3583;4365;6566
6417;6740;9443
3580;9616;2822
6420;2995;5698
3577;5872;8073
6423;8246;6932
3574;5141;311
6426;8519;3187
3571;1396;5562
6429;3770;8439
3568;6647;5835
6432;6008;8712
3565;8885;1086
6435;1259;3963
3562;4136;7342
6438;7515;6201
3559;4409;8575
6441;6784;1452
3556;9660;4831
6444;3039;7707
3553;5916;82
6447;8290;6976
3550;7149;355
6450;528;3231
3547;3405;5606
6453;5779;8483
3544;8656;7844
6456;6052;720
3541;8929;3095
6459;1303;5972
3538;4180;9350
6462;7559;6245
3535;6418;8619
6465;8792;1496
3532;1669;4875
6468;5048;7751
3529;7925;126
6471;299;8985
3526;5053;2364
6474;8431;5240
3523;1308;7615
6477;3682;491
3520;6559;5747
6480;5920;8624
3517;8797;998
6483;1171;3875
3514;4048;7254
6486;7427;6113
3511;4321;8487
6489;6696;1364
3508;9572;4743
6492;2951;7619
3505;5828;9994
6495;8202;6888
3502;7061;267
6498;440;3143
3499;3317;5518
6501;5691;8395
3496;8568;7756
6504;5964;632
3493;8841;3007
6507;1215;5884
3490;4092;9262
6510;7471;6157
3487;6330;8531
6513;8704;1408
3484;1581;4787
6516;4960;7663
3481;7837;38
6519;211;8897
3478;7105;2276
6522;484;5152
3475;3361;7527
6525;5735;403
3472;8612;7800
6528;7973;676
3469;850;3051
6531;3224;5928
3466;6101;9306
6534;9480;8165
3463;2796;540
6537;5171;3417
3460;8047;6795
6540;1426;9672
3457;4303;2046
6543;6677;5363
3454;5536;8742
6546;8915;1619
3451;1792;3993
6549;4166;6870
3448;7043;6231
6552;4440;9108
3445;7316;1482
6555;9691;4359
3442;2567;7738
6558;5946;4632
3439;4805;7006
6561;7180;9883
3436;56;3262
6564;3435;6138
3433;6312;8513
6567;8686;7372
3430;5580;751
6570;8959;3627
3427;1836;6002
6573;4210;8879
3424;7087;6275
6576;6448;9152
3421;9325;1526
6579;1699;4403
3418;4576;7782
6582;7955;6641
3415;4849;9015
6585;7224;1892
3412;100;5271
6588;3479;8147
3409;6356;522
6591;8730;7416
3406;7589;795
6594;968;3671
3403;3845;6046
6597;6219;8922
3400;9096;8284
6600;4352;1160
3397;7228;3535
6603;9603;6411
3394;2479;9790
6606;5858;4544
3391;4717;6918
6609;7092;9795
3388;9968;3174
6612;3347;6050
3385;6224;8425
6615;8598;7284
3382;5492;663
6618;8871;3539
3379;1748;5914
6621;4122;8791
3376;6999;6187
6624;6360;9064
3373;9237;1438
6627;1611;4315
3370;4488;7694
6630;7867;6553
3367;4761;8927
6633;7136;1804
3364;12;5183
6636;3391;8059
3361;6268;434
6639;8642;7328
3358;7501;707
6642;880;3583
3355;3757;5958
6645;6131;8835
3352;9008;8196
6648;6404;1072
3349;9281;3447
6651;1655;6324
3346;4532;9702
6654;7911;6597
3343;6770;8971
6657;9144;1848
3340;2021;5227
6660;5400;8103
3337;8277;478
6663;651;9337
3334;5404;2716
6666;8783;5592
3331;1660;7967
6669;4034;843
3328;6911;6099
6672;6272;8976
3325;9149;1350
6675;1523;4227
3322;4400;7606
6678;7779;6465
3319;4673;8839
6681;7048;1716
3316;9924;5095
6684;3303;7971
3313;6180;346
6687;8554;7240
3310;7413;619
6690;792;3495
3307;3669;5870
6693;6043;8747
3304;8920;8108
6696;6316;984
3301;9193;3359
6699;1567;6236
3298;4444;9614
6702;7823;6509
3295;6682;8883
6705;9056;1760
3292;1933;5139
6708;5312;8015
3289;8189;390
6711;563;9249
3286;7457;2628
6714;836;5504
3283;3713;7879
6717;6087;755
3280;8964;8152
6720;8325;1028
3277;1202;3403
6723;3576;6280
3274;6453;9658
6726;9832;8517
3271;4585;892
6729;6960;3769
3268;9836;7147
6732;3215;24
3265;6092;2398
6735;8466;7152
3262;7325;531
6738;704;3407
3259;3581;5782
6741;5955;8659
3256;8832;8020
6744;6228;896
3253;9105;3271
6747;1479;6148
3250;4356;9526
6750;7735;6421
3247;6594;8795
6753;8968;1672
3244;1845;5051
6756;5224;7927
3241;8101;302
6759;475;9161
3238;7369;2540
6762;748;5416
3235;3625;7791
6765;5999;667
3232;8876;8064
6768;8237;940
3229;1114;3315
6771;3488;6192
3226;6365;9570
6774;9744;8429
3223;6638;804
6777;9012;3681
3220;1889;7059
6780;5268;9936
3217;8145;2310
6783;519;9205
3214;9378;2584
6786;2757;5460
3211;5634;7835
6789;8008;711
3208;885;73
6792;4703;2949
3205;7580;5324
6795;9955;8200
3202;2831;1579
6798;6210;4896
3199;5069;7270
6801;7444;147
3196;320;3526
6804;3699;6402
3193;6576;8777
6807;8950;7636
3190;5844;1015
6810;9223;3891
3187;2100;6266
6813;4474;9142
3184;7351;6539
6816;6712;9416
3181;9589;1790
6819;1963;4667
3178;4840;8046
6822;8219;6905
3175;5113;9279
6825;7488;2156
3172;364;5535
6828;3743;8411
3169;6620;786
6831;8994;7680
3166;7853;1059
6834;1232;3935
3163;4109;6310
6837;6483;9186
3160;9360;8548
6840;6756;1424
3157;9633;3799
6843;2007;6675
3154;4884;54
6846;8263;6949
3151;7122;9323
6849;9496;2200
3148;2373;5579
6852;5752;8455
3145;8629;830
6855;1003;9689
3142;5756;3068
6858;9135;5944
3139;2012;8319
6861;4386;1195
3136;7263;6451
6864;6624;9328
3133;9501;1702
6867;1875;4579
3130;4752;7958
6870;8131;6817
3127;5025;9191
6873;7400;2068
3124;276;5447
6876;3655;8323
3121;6532;698
6879;8906;7592
3118;7765;971
6882;1144;3847
3115;4021;6222
6885;6395;9098
3112;9272;8460
6888;6668;1336
3109;9545;3711
6891;1919;6587
3106;4796;9966
6894;8175;6861
3103;7034;9235
6897;9408;2112
3100;2285;5491
6900;5664;8367
3097;8541;742
6903;915;9601
3094;7809;2980
6906;1188;5856
3091;4065;8231
6909;6439;1107
3088;9316;8504
6912;8677;1380
3085;1554;3755
6915;3928;6631
3082;6805;10
6918;184;8869
3079;4937;1244
6921;7312;4120
3076;188;7499
6924;3567;376
3073;6444;2750
6927;8818;7504
3070;7677;883
6930;1056;3759
3067;3933;6134
6933;6307;9010
3064;9184;8372
6936;6580;1248
3061;9457;3623
6939;1831;6499
3058;4708;9878
6942;8087;6773
3055;6946;9147
6945;9320;2024
3052;2197;5403
6948;5576;8279
3049;8453;654
6951;827;9513
3046;7721;2892
6954;1100;5768
3043;3977;8143
6957;6351;1019
3040;9228;8416
6960;8589;1292
3037;1466;3667
6963;3840;6543
3034;6717;9922
6966;96;8781
3031;6990;1156
6969;9364;4032
3028;2241;7411
6972;5620;288
3025;8497;2662
6975;871;9557
3022;9730;2936
6978;3109;5812
3019;5986;8187
6981;8360;1063
3016;1237;425
6984;6492;3301
3013;9369;5676
6987;1743;8552
3010;4620;1931
6990;7999;6685
3007;6858;9059
6993;9232;1936
3004;2109;5315
6996;5488;8191
3001;8365;566
6999;739;9425
2998;7633;2804
7002;1012;5680
2995;3889;8055
7005;6263;931
2992;9140;8328
7008;8501;1204
2989;1378;3579
7011;3752;6455
2986;6629;9834
7014;8;8693
2983;6902;1068
7017;9276;3944
2980;2153;7323
7020;5532;200
2977;8409;2574
7023;783;9469
2974;9642;2848
7026;3021;5724
2971;5898;8099
7029;8272;975
2968;1149;337
7032;8545;3213
2965;1422;5588
7035;3796;8464
2962;6673;1843
7038;52;8737
2959;8911;1112
7041;1285;3988
2956;4162;7367
7044;7541;244
2953;417;2618
7047;2792;1477
2950;8208;4856
7050;1587;7733
2947;4463;107
7053;6838;2984
2944;9714;6803
7056;9076;9680
2941;1952;2054
7059;4327;4931
2938;7203;8310
7062;582;7169
2935;7477;9543
7065;9851;2420
2932;2728;5799
7068;6106;8675
2929;8983;1050
7071;1358;7944
2926;217;1323
7074;3595;4199
2923;6472;6574
7077;8847;9450
2920;1723;8812
7080;9120;1688
2917;1996;4063
7083;4371;6939
2914;7247;318
7086;626;7213
2911;9485;9587
7089;1860;2464
2908;4736;5842
7092;8115;8719
2905;992;1094
7095;3366;9953
2902;261;3331
7098;3639;6208
2899;6516;8583
7101;8891;1459
2896;1767;8856
7104;1128;1732
2893;4005;4107
7107;6380;6983
2890;9256;362
7110;2635;9221
2887;7389;1596
7113;9763;4472
2884;2640;7851
7116;6018;728
2881;8895;3102
7119;1270;7856
2878;129;1235
7122;3507;4111
2875;6384;6486
7125;8759;9362
2872;1635;8724
7128;9032;1600
2869;1908;3975
7131;4283;6851
2866;7159;230
7134;538;7125
2863;9397;9499
7137;1772;2376
2860;4648;5755
7140;8027;8631
2857;904;1006
7143;3278;9865
2854;173;3244
7146;3551;6120
2851;6428;8495
7149;8803;1371
2848;1679;8768
7152;1040;1644
2845;3917;4019
7155;6292;6895
2842;9168;274
7158;2547;9133
2839;9441;1508
7161;1816;4384
2836;4692;7763
7164;8071;640
2833;948;3014
7167;3322;9909
2830;2181;3288
7170;5560;6164
2827;8437;8539
7173;811;1415
2824;3688;777
7176;8944;3653
2821;1820;6028
7179;4195;8904
2818;7071;2283
7182;450;7037
2815;9309;9411
7185;1684;2288
2812;4560;5667
7188;7939;8543
2809;816;918
7191;3190;9777
2806;85;3156
7194;3463;6032
2803;6340;8407
7197;8715;1283
2800;1591;8680
7200;952;1556
2797;3829;3931
7203;6204;6807
2794;9080;186
7206;2459;9045
2791;9353;1420
7209;1728;4296
2788;4604;7675
7212;7983;552
2785;860;2926
7215;3234;9821
2782;2093;3200
7218;5472;6076
2779;8349;8451
7221;723;1327
2776;3600;689
7224;996;3565
2773;3873;5940
7227;6248;8816
2770;9124;2195
7230;2503;9089
2767;1362;1464
7233;3737;4340
2764;6613;7719
7236;9992;596
2761;2869;2970
7239;5243;1829
2758;9997;5208
7242;3375;8085
2755;6252;459
7245;8627;3336
2752;1503;8592
7248;864;1468
2749;3741;3843
7251;6116;6719
2746;8992;98
7254;2371;8957
2743;9265;1332
7256;6891;9460
2740;4516;7587
7259;2142;4711
2737;772;2838
7262;8397;4984
2734;2005;3112
7265;9631;235
2731;8261;8363
7268;5886;6490
2728;3512;601
7271;1138;7724
2725;3785;5852
7274;1411;3979
2722;9036;2107
7277;6662;9230
7280;8900;9504
2717;1776;1878
7283;4151;4755
2714;7027;8134
7286;406;6993
2711;7301;9367
7289;9675;2244
2708;2552;5623
7292;5930;8499
2705;8807;874
7295;1182;7768
2702;41;1147
7298;3419;4023
2699;6296;6398
7301;8671;9274
2696;1547;8636
7304;5366;1512
2693;8243;3887
7307;617;6763
2690;3494;142
7310;6873;3513
2687;5732;5887
7313;8106;8764
2684;983;2143
7316;4362;5019
2681;7238;7394
7319;9613;6253
2678;6507;9632
7322;9886;2508
2675;2762;4883
7325;5137;7759
2672;8014;5156
7328;7375;8033
2669;251;407
7331;2626;3284
2666;5503;6662
7334;8881;5522
2663;5776;7896
7337;8150;773
2660;1027;4151
7340;4406;7028
2657;7282;9403
7343;9657;6297
2654;8516;9676
7346;1895;2552
2651;4771;4927
7349;7146;7803
2648;22;7165
7352;7419;41
2645;295;2416
7355;2670;5292
2642;5547;8671
7358;8925;5566
2639;7784;7940
7361;159;817
2636;3036;4195
7364;6414;7072
2633;9291;9447
7367;1666;8306
2630;6419;1684
7370;9798;4561
2627;2675;6936
7373;5049;9812
2624;7926;1420
7376;7287;4297
2621;164;6671
7379;2538;9548
2618;5415;2926
7382;8793;1786
2615;5688;4160
7385;8062;7037
2612;939;415
7388;4318;3292
2609;7194;5667
7391;9569;2561
2606;8428;5940
7394;1807;8816
2603;4683;1191
7397;7058;4067
2600;9934;3429
7400;7331;6305
2597;208;8680
7403;2582;1556
2594;5459;4935
7406;8837;1830
2591;7697;4204
7409;71;7081
2588;2948;459
7412;6326;3336
2585;9203;5711
7415;1578;4570
2582;8472;7948
7418;1851;825
2579;4727;3200
7421;7102;6076
2576;9978;7121
7424;9340;9997
2573;2216;2372
7427;4591;5248
2570;7467;8627
7430;846;3838
2567;5600;6213
7433;7974;9089
2564;851;2468
7436;4230;5345
2561;7106;7719
7439;9481;2473
2558;8340;5852
7442;1719;8728
2555;4595;1103
7445;6970;3979
2552;9846;3341
7448;7243;6217
2549;120;8592
7451;2494;1468
2546;5371;4847
7454;8749;1742
2543;7609;4116
7457;9983;6993
2540;2860;371
7460;6238;3248
2537;9115;5623
7463;1490;4482
2534;8384;7860
7466;1763;737
2531;4639;3112
7469;7014;5988
2528;9890;3385
7472;9252;6261
2525;2128;8636
7475;4503;1512
2522;7379;4891
7478;758;3750
2519;7653;6125
7481;27;9001
2516;2904;2380
7484;6282;5257
2513;9159;7631
7487;1534;4526
2510;393;7904
7490;3771;781
2507;6648;3156
7493;9023;6032
2504;1899;5393
7496;7155;8270
2501;32;645
7499;2406;3521
2498;5283;6900
7502;8661;1654
2495;7521;4028
7505;9895;6905
2492;2772;283
7508;6150;3160
2489;9027;5535
7511;1402;4394
2486;8296;7772
7514;1675;649
2483;4551;3024
7517;6926;5900
2480;9802;3297
7520;9164;6173
2477;2040;8548
7523;4415;1424
2474;7291;4803
7526;670;3662
2471;7565;6037
7529;9939;8913
2468;2816;2292
7532;6194;5169
2465;9071;7543
7535;1446;4438
2462;305;7816
7538;3683;693
2459;6560;3068
7541;8935;5944
2456;1811;5305
7544;9208;8182
2453;2084;557
7547;4459;3433
2450;7335;6812
7550;714;3706
2447;9573;6081
7553;1948;8957
2444;4824;2336
7556;8203;5213
2441;1080;7587
7559;3454;6446
2438;6771;9825
7562;150;2702
2435;3026;5076
7565;5401;7953
2432;8278;5420
7568;7639;8296
2429;515;671
7571;2890;3548
2426;5767;6926
7574;9145;5785
2423;6040;8160
7577;8414;1037
2420;1291;4415
7580;4670;7292
2417;7546;9667
7583;9921;6561
2414;8780;9940
7586;2159;2816
2411;5035;5191
7589;7410;8067
2408;286;7429
7592;7683;305
2405;559;2680
7595;2934;5556
2402;9459;8935
7598;2837;5829
2399;8048;8204
7601;423;1081
2396;3300;4459
7604;6678;7336
2393;9555;9711
7607;1930;8570
2390;2472;1948
7610;5851;4825
2387;8727;7200
7613;1102;76
2384;3978;7473
7616;3340;349
2381;6216;2724
7619;8591;5600
2378;1467;8979
7622;4846;7838
2375;5952;213
7625;8326;3089
2372;1203;6468
7628;4582;9345
2369;7458;1719
7631;9833;6473
2366;8692;9852
7634;2071;2728
2363;4947;5103
7637;7322;7979
2360;198;7341
7640;7595;217
2357;471;2592
7643;2846;5468
2354;5723;8847
7646;9101;5741
2351;7960;8116
7649;335;993
2348;3212;4371
7652;6590;7248
2345;9467;9623
7655;1842;8482
2342;8736;1860
7658;2115;4737
2339;4991;7112
7661;7366;9988
2336;242;7385
7664;9604;261
2333;2480;2636
7667;4855;5512
2330;7731;8891
7670;1110;7750
2327;8004;125
7673;379;3001
2324;3256;6380
7676;6634;9257
2321;9511;1631
7679;1886;8526
2318;745;1904
7682;4123;4781
2315;7000;7156
7685;9375;32
2312;2251;9393
7688;7507;2270
2309;383;4645
7691;2758;7521
2306;5635;900
7694;9013;5653
2303;7872;8028
7697;247;905
2300;3124;4283
7700;6502;7160
2297;9379;9535
7703;1754;8394
2294;8648;1772
7706;2027;4649
2291;4903;7024
7709;7278;9900
2288;154;7297
7712;9516;173
2285;2392;2548
7715;4767;5424
2282;7643;8803
7718;1022;7662
2279;7916;37
7721;291;2913
2276;3168;6292
7724;6546;9169
2273;9423;1543
7727;1798;8438
2270;657;1816
7730;4035;4693
2267;6912;7068
7733;9287;9944
2264;2163;9305
7736;9560;2182
2261;2436;4557
7739;4811;7433
2258;7687;812
7742;1066;7706
2255;9925;81
7745;2300;2957
2252;5176;6336
7748;8555;9213
2249;1432;1587
7751;3806;446
2246;8560;3825
7754;1939;6702
2243;4815;9076
7757;7190;1953
2240;66;7209
7760;9428;85
2237;2304;2460
7763;4679;5336
2234;7555;8715
7766;934;7574
2231;7828;9949
7769;203;2825
2228;3080;6204
7772;6458;9081
2225;9335;1455
7775;1710;8350
2222;569;1728
7778;3947;4605
2219;6824;6980
7781;9199;9856
2216;2075;9217
7784;9472;2094
2213;2348;4469
7787;4723;7345
2210;7599;724
7790;978;7618
2207;9837;9993
7793;2212;2869
2204;5088;6248
7796;8467;9125
2201;1344;1499
7799;3718;358
2198;613;3737
7802;3991;6614
2195;6868;8988
7805;9243;1865
2192;2119;9261
7808;1480;2138
2189;4357;4513
7811;6732;7389
2186;9608;768
7814;2987;9627
2183;9952;2002
7817;2326;4878
2180;5203;8257
7820;8582;1134
2177;1458;3508
7823;3833;6825
2174;2692;204
7826;6071;3080
2171;8947;5455
7829;1322;8331
2168;4198;7693
7832;1595;569
2165;4471;2944
7835;6846;5820
2162;9723;9199
7838;3101;6093
2159;1960;8468
7841;4335;1345
2156;7212;4723
7844;590;7600
2153;3467;9975
7847;5841;8834
2150;2736;2212
7850;6115;5089
2147;8991;7464
7853;1366;340
2144;4242;7737
7856;3604;613
2141;6480;2988
7859;8855;5864
2138;1731;9243
7862;5110;8102
2135;2004;477
7865;4379;3353
2132;7256;6732
7868;634;9609
2129;3511;1983
7871;5885;8878
2126;4745;2256
7874;8123;5133
2123;1000;7508
7877;3374;384
2120;6251;9745
7880;1507;2622
2117;4383;4997
7883;6758;7873
2114;9635;1252
7886;3013;6005
2111;1872;8380
7889;4247;1257
2108;7124;4635
7892;502;7512
2105;3379;9887
7895;5754;8746
2102;2648;2124
7898;6027;5001
2099;8903;7376
7901;1278;252
2096;4154;7649
7904;3516;525
2093;6392;2900
7907;8767;5776
2090;1643;9155
7910;5022;8014
2087;1916;389
7913;4291;3265
2084;7168;6644
7916;546;9521
2081;3423;1895
7919;5798;8790
2078;4657;2168
7922;8035;5045
2075;912;7420
7925;3287;296
2072;6163;9657
7928;3560;2534
2069;6436;4909
7931;8811;7785
2066;1687;1164
7934;5066;8058
2063;3925;433
7937;6300;3309
2060;9176;6688
7940;2555;9565
2057;5432;1939
7943;7806;798
2054;2560;4177
7946;5939;7054
2051;8815;9428
7949;1190;2305
2048;4066;7561
7952;3428;437
2045;6304;2812
7955;8679;5688
2042;1555;9067
7958;4934;7926
2039;1828;301
7961;4203;3177
2036;7080;6556
7964;458;9433
2033;3335;1807
7967;5710;8702
2030;4569;2080
7970;7947;4957
2027;824;7332
7973;3199;208
2024;6075;9569
7976;3472;2446
2021;6348;4821
7979;8723;7697
2018;1599;1076
7982;4978;7970
2015;3837;345
7985;6212;3221
2012;9088;6600
7988;2467;9477
2009;5344;1851
7991;7718;710
2006;4613;4089
7994;7991;6966
2003;868;9340
7997;3243;2217
2000;6119;9613
8000;5480;2490
1997;8357;4865
8003;732;7741
1994;3608;1120
8006;6987;9979
1991;1740;2354
8009;4115;5230
1988;6992;8609
8012;370;1486
1985;3247;3860
8015;5622;8614
1982;4481;1992
8018;7859;4869
1979;736;7244
8021;3111;120
1976;5987;9481
8024;3384;2358
1973;6260;4733
8027;8635;7609
1970;1511;988
8030;4890;7882
1967;3749;257
8033;6124;3133
1964;9000;6512
8036;2379;9389
1961;5256;1763
8039;7630;622
1958;4525;4001
8042;7903;6878
1955;780;9252
8045;3155;2129
1952;6031;9525
8048;5392;2402
1949;8269;4777
8051;644;7653
1946;3520;1032
8054;6899;9891
1943;3793;2266
8057;6168;5142
1940;9044;8521
8060;2423;1398
1937;5300;3772
8063;7674;666
1934;6533;4045
8066;9912;6922
1931;2789;9296
8069;5163;2173
1928;8040;1534
8072;3958;4411
1925;6835;6785
8075;9209;9662
1922;2086;3041
8078;5465;6357
1919;4324;8732
8081;6698;1609
1916;9575;4987
8084;2954;7864
1913;5830;238
8087;8205;9098
1910;5099;2476
8090;8478;5353
1907;1355;7727
8093;3729;604
1904;6606;8001
8096;5967;877
1901;8844;3252
8099;1218;6128
1898;4095;9507
8102;7474;8366
1895;4368;741
8105;6742;3617
1892;9619;6996
8108;2998;9873
1889;5874;2247
8111;8249;9142
1886;7108;2520
8114;487;5397
1883;3363;7771
8117;5738;648
1880;8615;9
8120;6011;2886
1877;8888;5260
8123;1262;8137
1874;4139;1516
8126;7518;8410
1871;6377;785
8129;8751;3661
1868;1628;7040
8132;5007;9917
1865;7883;2291
8135;258;1150
1862;5011;4529
8138;8390;7406
1859;1267;9780
8141;3641;2657
1856;6518;7913
8144;5879;789
1853;8756;3164
8147;1130;6040
1850;4007;9419
8150;7386;8278
1847;4280;653
8153;6654;3529
1844;9531;6908
8156;2910;9785
1841;5786;2159
8159;8161;9054
1838;7020;2432
8161;4645;9556
1835;3275;7683
8164;901;5811
1832;8527;9921
8167;6152;7045
1829;8800;5172
8170;6425;3300
1826;4051;1428
8173;1676;8551
1823;6289;697
8176;3914;8824
1820;1540;6952
8179;9165;4076
1817;7795;2203
8182;5421;6313
1814;7064;4441
8185;4689;1565
1812;7566;4943
8188;945;7820
1809;3822;194
8191;6196;7089
1806;5055;468
8194;8434;3344
1803;1311;5719
8197;3685;8595
1800;6562;7957
8200;1817;833
1797;4694;3208
8203;7068;6084
1794;9945;9463
8206;3324;4217
1791;2183;6591
8209;4557;9468
1788;7434;2847
8212;813;5723
1785;3690;8098
8215;6064;6108
1782;2958;9487
8218;6337;2364
1779;9214;4738
8221;1588;7615
1776;4465;6976
8224;3826;9853
1773;6703;2227
8227;9077;5104
1770;1954;8483
8230;5333;5377
1767;2227;7752
8233;4601;628
1764;7478;4007
8236;857;6884
1761;3734;9258
8239;6108;8117
1758;4967;1496
8242;8346;4373
1755;1223;6747
8245;3597;9624
1752;6474;7020
8248;3870;9897
1749;6747;2271
8251;9121;5148
1746;1998;8527
8254;5377;7386
1743;4236;9760
8257;6610;2637
1740;9487;6016
8260;2866;8893
1737;5742;1267
8263;8117;8161
1734;2870;1540
8266;6249;4417
1731;9126;6791
8269;1500;9668
1728;4377;9029
8272;3738;1906
1725;6615;4280
8275;8989;7157
1722;1866;536
8278;5245;5289
1719;2139;7664
8281;4513;540
1716;7390;3919
8284;769;6796
1713;3646;9170
8287;6020;8029
1710;4879;1408
8290;8258;4285
1707;1135;6659
8293;3509;9536
1704;6386;6932
8296;3782;9809
1701;6659;2183
8299;9033;5060
1698;1910;8439
8302;5289;7298
1695;4148;9672
8305;6522;2549
1692;9399;5928
8308;2778;8805
1689;5654;1179
8311;8029;8073
1686;4923;1452
8314;8302;4329
1683;1179;6703
8317;3553;9580
1680;6430;8941
8320;5791;1818
1677;8668;4192
8323;1042;7069
1674;3919;448
8326;7298;7342
1671;614;9716
8329;2989;2593
1668;5865;5972
8332;9244;8849
1665;2121;1223
8335;4495;82
1662;3354;3461
8338;6733;6338
1659;9610;8712
8341;1984;1589
1656;4861;6844
8344;2257;9721
1653;5134;2095
8347;7508;4972
1650;385;8351
8350;3764;7210
1647;2623;9584
8353;4997;2461
1644;7874;5840
8356;1253;8717
1641;4130;1091
8359;6504;7985
1638;3398;1364
8362;6777;4241
1635;9654;6615
8365;2028;9492
1632;4905;8853
8368;4266;1730
1629;7143;4104
8371;9517;6981
1626;2394;360
8374;5773;7254
1623;2667;9628
8377;5041;2505
1620;7918;5884
8380;1297;8761
1617;4174;1135
8383;6548;9994
1614;5407;3373
8386;8786;6250
1611;1663;8624
8389;4037;1501
1608;6914;8897
8392;2169;1774
1605;5046;4148
8395;7420;7025
1602;297;404
8398;3676;9263
1599;2535;1637
8401;4909;4514
1596;7786;7893
8404;1165;769
1593;4042;3144
8407;6416;7897
1590;3310;1276
8410;6689;4153
1587;9566;6527
8413;1940;9404
1584;4817;8765
8416;4178;1642
1581;7055;4016
8419;9429;6893
1578;2306;272
8422;5685;7166
1575;2579;9540
8425;4953;2417
1572;7830;5796
8428;1209;8673
1569;4086;1047
8431;6460;9906
1566;5319;3285
8434;8698;6162
1563;1575;8536
8437;3949;1413
1560;6826;8809
8440;4222;1686
1557;7099;4060
8443;9473;6937
1554;2350;316
8446;5729;9175
1551;4588;1549
8449;6962;4426
1548;9839;7805
8452;3218;681
1545;6094;3056
8455;8469;9950
1542;3222;3329
8458;6601;6206
1539;9478;8580
8461;1852;1457
1536;4729;818
8464;4090;3695
1533;6967;6069
8467;9341;8946
1530;2218;2324
8470;5597;5641
1527;2491;8016
8473;4865;892
1524;7742;4271
8476;1121;7148
1521;3998;9522
8479;6372;8381
1518;5231;1760
8482;8610;4637
1515;1487;7011
8485;3861;9888
1512;6738;7284
8488;4134;161
1509;7011;2535
8491;9385;5412
1506;2262;8791
8494;5641;7650
1503;4500;24
8497;6874;2901
1500;9751;6280
8500;3130;9156
1497;6006;1531
8503;8381;8425
1494;5275;1804
8506;8654;4681
1491;1531;7055
8509;3905;9932
1488;6782;9293
8512;6143;2170
1485;9020;4544
8515;1394;7421
1482;4271;800
8518;7650;7694
1479;2403;68
8521;4777;2945
1476;7654;6324
8524;1033;9200
1473;3910;1575
8527;6284;434
1470;5143;3813
8530;8522;6689
1467;1399;9064
8533;3773;1941
1464;6650;7196
8536;4046;73
1461;6923;2447
8539;9297;5324
1458;2174;8703
8542;5553;7562
1455;4412;9936
8545;6786;2813
1452;9663;6192
8548;3042;9069
1449;5918;1443
8551;8293;8337
1446;5187;1716
8554;8566;4593
1443;1443;6967
8557;3817;9844
1440;6694;9205
8560;6055;2082
1437;8932;4456
8563;1306;7333
1434;4183;712
8566;7562;7606
1431;4456;9980
8569;6830;2857
1428;9707;6236
8572;3086;9112
1425;5962;1487
8575;8337;346
1422;7196;3725
8578;575;6601
1419;3451;8976
8581;5826;1853
1416;8703;9249
8584;2521;2126
1413;5398;4500
8587;7772;7377
1410;649;756
8590;4028;9615
1407;2887;1989
8593;5261;4866
1404;8138;8245
8596;1517;1121
1401;4394;3496
8599;6768;8249
1398;3662;1628
8602;7041;4505
1395;9918;6879
8605;2292;9756
1392;5169;9117
8608;4530;1994
1389;7407;4368
8611;9781;7245
1386;2658;624
8614;6037;7518
1383;2931;9892
8617;5305;2769
1380;8182;6148
8620;1561;9025
1377;4438;1399
8623;6812;258
1374;5671;3637
8626;9050;6514
1371;1927;8888
8629;4301;1765
1368;7178;9161
8632;4574;2038
1365;7451;4412
8635;9825;7289
1362;2702;668
8638;6081;9527
1359;4940;1901
8641;7314;4778
1356;191;8157
8644;3570;1033
1353;6446;3408
8647;8821;302
1350;3574;3681
8650;6953;6558
1347;9830;8932
8653;2204;1809
1344;5081;1170
8656;4442;4047
1341;7319;6421
8659;9693;9298
1338;2570;2676
8662;5949;7430
1335;2843;9804
8665;5217;2681
1332;8094;6060
8668;1473;8937
1329;4350;1311
8671;6724;170
1326;5583;3549
8674;8962;6426
1323;1839;8800
8677;4213;1677
1320;7090;9073
8680;4486;1950
1317;7363;4324
8683;9737;7201
1314;2614;580
8686;5993;9439
1311;4852;1813
8689;7226;4690
1308;103;8069
8692;3482;945
1305;6358;3320
8695;8733;214
1302;5627;3593
8698;9006;6470
1299;1883;8844
8701;4257;1721
1296;7134;1082
8704;6495;3959
1293;9372;6333
8707;1746;9210
1290;4623;2588
8710;8002;9483
1287;2755;1857
8713;5129;4734
1284;8006;8113
8716;1385;989
1281;4262;3364
8719;6636;2223
1278;5495;5602
8722;8874;8478
1275;1751;853
8725;4125;3729
1272;7002;7548
8728;4398;425
1269;7275;2799
8731;9649;5676
1266;2526;9055
8734;5905;7914
1263;4764;288
8737;7138;3165
1260;15;6544
8740;3394;9420
1257;6270;1795
8743;8645;8689
1254;5539;2068
8746;8918;4945
1251;1795;7319
8749;4169;196
1248;7046;9557
8752;6407;2434
1245;9284;4808
8755;1658;7685
1242;4535;1064
8758;7914;7958
1239;4808;332
8761;7182;3209
1236;59;6588
8764;3438;9464
1233;6314;1839
8767;8689;698
1230;7548;4077
8770;927;6953
1227;3803;9328
8773;6178;2205
1224;9054;9601
8776;4310;2478
1221;7187;4852
8779;9561;7729
1218;2438;1108
8782;5817;9967
1215;4676;2341
8785;7050;5218
1212;9927;8597
8788;3306;1473
1209;6182;3848
8791;8557;8601
1206;5451;1980
8794;8830;4857
1203;1707;7231
8797;4081;108
1200;6958;9469
8800;6319;2346
1197;9196;4720
8803;1570;7597
1194;4447;976
8806;7826;7870
1191;4720;244
8809;7094;3121
1188;9971;6500
8812;3350;9376
1185;6226;1751
8815;8601;610
1182;7460;3989
8818;839;6865
1179;3715;9240
8821;6090;2117
1176;8966;9513
8824;6363;2390
1173;9240;4764
8827;1614;7641
1170;4491;1020
8830;7870;9879
1167;6729;2253
8833;9103;5130
1164;1980;8509
8836;5359;1385
1161;8235;3760
8839;610;654
1158;3926;4033
8842;7305;6909
1155;182;9284
8845;2556;2161
1152;5433;1522
8848;4794;4398
1149;7671;6773
8851;45;9650
1146;2922;3028
8854;6301;7782
1143;3195;156
8857;5569;3033
1140;8446;6412
8860;1825;9288
1137;4702;1663
8863;7076;522
1134;5935;3901
8866;9314;6777
1131;2191;9152
8869;4565;2029
1128;7442;9425
8872;4838;2302
1125;7715;4676
8875;89;7553
1122;2966;932
8878;6345;9791
1119;5204;2165
8881;7578;5042
1116;455;8421
8884;3834;1297
1113;6710;3672
8887;9085;566
1110;5979;3945
8890;9358;6821
1107;2235;9196
8893;4609;2073
1104;7486;1434
8896;6847;4310
1101;9724;6685
8899;2098;9562
1098;4975;2940
8902;8353;9835
1095;3107;2209
8905;5481;5086
1092;8358;8465
8908;1737;1341
1089;4614;3716
8911;6988;2575
1086;5847;5954
8914;9226;8830
1083;2103;1205
8917;4477;4081
1080;7354;9337
8920;4750;2214
1077;7627;4588
8923;1;7465
1074;2878;844
8926;6257;9703
1071;5116;2077
8929;7490;4954
1068;367;8333
8932;3746;1209
1065;6622;3584
8935;8997;478
1062;5891;3857
8938;9270;6733
1059;2147;9108
8941;4521;1985
1056;7398;1346
8944;6759;4222
1053;9636;6597
8947;2010;9474
1050;4887;2852
8950;8266;9747
1047;5160;2121
8953;7534;4998
1044;411;8377
8956;3790;1253
1041;6666;3628
8959;9041;2487
1038;7900;5866
8962;1279;8742
1035;4155;1117
8965;6530;3993
1032;9406;1390
8968;4662;4266
1029;7539;6641
8971;9913;9518
1026;2790;2896
8974;6169;1755
1023;5028;4130
8977;7402;7007
1020;279;385
8980;3658;3262
1017;6534;5637
8983;8909;8953
1014;5803;2332
8986;9182;5209
1011;2059;7583
8989;4433;460
1008;7310;9821
8992;6671;2698
1005;9548;5072
8995;1922;7949
1002;4799;1328
8998;8178;8222
999;5072;596
9001;7446;3473
996;323;6852
9004;3702;9728
993;6578;2103
9007;8953;962
990;7812;4341
9010;1191;7217
987;4067;9592
9013;6442;2469
984;9318;9865
9016;6715;2742
981;9592;5116
9019;1966;7993
978;4843;1372
9022;8222;231
975;7081;2605
9025;9455;5482
972;2332;8861
9028;5711;1737
969;8587;4112
9031;962;1006
966;5715;4385
9034;9094;7261
963;1971;9636
9037;4345;2513
960;7222;1874
9040;6583;4750
957;9460;7125
9043;1834;2
954;4711;3380
9046;8090;8134
951;4984;508
9049;7358;3385
948;235;6764
9052;3614;9640
945;6490;2015
9055;8865;874
942;7724;4253
9058;1103;7129
939;3979;9504
9061;6354;2381
936;9230;9777
9064;6627;2654
933;9504;5028
9067;1878;7905
930;4755;1284
9069;2380;8407
927;6993;2517
9072;4618;645
924;2244;8773
9075;9869;5896
921;8499;4024
9078;6125;6169
918;7768;4297
9081;5393;1420
915;4023;9548
9084;1649;7676
912;9274;1786
9087;6900;8909
909;1512;7037
9090;9138;5165
9093;4389;416
904;7266;7812
9096;1138;689
901;4015;3063
9099;6389;5940
898;9266;9319
9102;2645;8178
895;1504;552
9105;3878;3429
892;6755;6808
9108;134;9684
889;3011;2059
9111;5385;6812
886;2279;191
9114;5658;3068
883;8535;5442
9117;909;8319
880;3786;7680
9120;3147;557
877;6024;2931
9123;8398;5808
874;1275;9187
9126;4654;6081
871;1548;8456
9129;3922;1332
868;6799;4711
9132;178;7588
865;3055;9962
9135;5429;8821
862;4288;2200
9138;7667;5077
859;544;7451
9141;2918;328
856;5795;7724
9144;3191;601
853;6068;2975
9147;8442;5852
850;1319;9231
9150;4698;8090
847;3557;464
9153;5931;3341
844;8808;6720
9156;2187;9596
841;5063;1971
9159;7438;8865
838;8543;2244
9162;1922;5121
835;4799;7495
9165;7173;372
832;50;9733
9168;9411;2610
829;2288;4984
9171;4662;7861
826;7539;1240
9174;918;5993
823;7812;8368
9177;186;1244
820;3063;4623
9180;6442;7500
817;9319;9874
9183;1693;8733
814;552;2112
9186;3931;4989
811;6808;7363
9189;9182;240
808;2059;7636
9192;9455;513
805;2332;2887
9195;4706;5764
802;7583;9143
9198;962;8002
799;9821;376
9201;2195;3253
796;5072;6632
9204;8451;9508
793;1327;1883
9207;3702;8777
790;596;2156
9210;7623;5033
787;500;7407
9213;2874;284
784;5751;9645
9216;1464;2522
781;4341;4896
9219;6715;7773
778;9592;1152
9222;2970;8046
775;7724;420
9225;98;3297
772;2975;6676
9228;6354;9552
769;9231;1927
9231;1605;786
766;464;4165
9234;3843;7041
763;6720;9416
9237;9094;2293
760;1971;1859
9240;9367;4735
757;2244;7110
9243;4618;9987
754;7495;3365
9246;874;2224
751;9733;4599
9249;2107;7476
748;4984;854
9252;8363;3731
745;1239;6105
9255;3614;3000
742;508;6379
9258;3887;9255
739;6764;1630
9261;9138;4506
736;2015;3868
9264;1376;6744
733;4253;9119
9267;6627;1995
730;9504;5374
9270;2882;2268
727;9777;4643
9273;2151;7520
724;5028;898
9276;8407;3775
721;1283;6149
9279;3658;5009
718;2517;8387
9282;5896;1264
715;8772;3638
9285;1147;6515
712;4023;3912
9288;9279;6788
709;2156;9163
9291;4530;2039
706;7407;5418
9294;786;4277
703;9645;6652
9297;2019;9528
700;4896;2907
9300;8275;5784
697;1151;8158
9303;3526;2912
694;420;6291
9306;3799;9167
691;6676;1542
9309;9050;4418
688;1927;3780
9312;1288;6656
685;4165;9031
9315;6539;1907
682;9416;5286
9318;2794;2180
679;9689;4555
9321;2063;7432
676;4940;810
9324;8319;3687
673;1195;6061
9327;3570;4921
670;2429;8299
9330;5808;1176
667;8684;3550
9333;1059;6427
664;3935;3824
9336;1332;6700
661;4209;9075
9339;6583;1951
658;9460;5330
9342;2838;4189
655;1698;6564
9345;4072;9440
652;6949;2819
9348;327;5696
649;3204;8070
9351;5579;4965
646;2543;8343
9354;5922;1220
643;8799;3594
9357;1173;6471
640;4050;5832
9360;3411;8709
637;6288;1083
9363;8662;3960
634;1539;7339
9366;4918;2092
631;1812;4467
9369;4186;7344
628;7063;722
9372;442;3599
625;3318;5973
9375;5693;4833
622;4552;8211
9378;7931;1088
619;807;3462
9381;3182;6339
616;6059;3736
9384;3455;6612
613;6332;8987
9387;8706;1863
610;1583;5242
9390;4962;4101
607;3821;6476
9393;6195;9352
604;9072;2731
9396;2451;5608
601;5327;7982
9399;7702;4877
598;4596;8255
9402;7975;1132
595;851;3506
9405;3226;6383
592;6103;5744
9408;5464;8621
589;8340;995
9411;715;3872
586;3592;7251
9414;6970;4145
583;1724;6520
9417;4098;9396
580;6975;2775
9420;354;5652
577;3230;8026
9423;5605;6885
574;4464;264
9426;7843;3141
571;719;5515
9429;3094;8392
568;5971;3648
9432;3367;6524
565;6244;8899
9435;8618;1775
562;1495;5154
9438;4874;4013
559;3733;6388
9441;6107;9264
556;8984;2643
9444;2363;5520
553;5239;7894
9447;7614;4789
550;4508;8167
9450;7887;1044
547;763;3418
9453;3138;6295
544;6015;5656
9456;5376;8533
541;8252;907
9459;627;3784
538;3504;7163
9462;6882;4057
535;3777;6432
9465;6151;9308
532;9028;2687
9468;2407;5564
529;5283;7938
9471;7658;6797
526;6517;176
9474;9896;3053
523;2772;5427
9477;5147;8304
520;8023;5700
9480;3279;8577
517;6156;951
9483;8530;3828
514;1407;7207
9486;4786;6066
511;3645;8440
9489;6019;1317
508;8896;4696
9492;2275;7573
505;5151;9947
9495;7526;3264
502;4420;6643
9498;7799;9519
499;675;1894
9501;3050;4770
496;5927;4132
9504;5288;7008
493;8164;9383
9507;539;2259
490;3416;5638
9510;6794;2532
487;3689;4907
9513;6063;7783
484;8940;1162
9516;2319;4039
481;5195;6413
9519;7570;5272
478;6429;8651
9522;9808;1528
475;2684;3902
9525;5059;6779
472;7935;4176
9528;5332;7052
469;8208;9427
9531;583;2303
466;3460;5682
9534;6838;4541
463;5697;6916
9537;8072;9792
460;949;3171
9540;4327;6048
457;7204;8422
9543;9579;5316
454;4332;8695
9546;7711;1572
451;588;3946
9549;2962;6823
448;5839;6184
9552;5200;9061
445;8077;1435
9555;451;4312
442;3328;7691
9558;6706;2444
439;3601;4819
9561;5975;7696
436;8852;1074
9564;2231;3951
433;5107;6325
9567;7482;5185
430;6341;8563
9570;9720;1440
427;2596;3814
9573;4971;6691
424;7847;4088
9576;5244;6964
421;8120;9339
9579;495;2215
418;3372;5594
9582;6750;4453
415;5609;6828
9585;7984;9704
412;861;3083
9588;4239;5960
409;7116;8334
9591;9491;5229
406;6385;8607
9594;9764;1484
403;2640;3858
9597;5015;6735
400;7891;6096
9600;7253;8973
397;129;1347
9603;2504;4224
394;5380;7603
9606;8759;4497
391;2076;6872
9609;4450;9748
388;7327;3127
9612;706;6004
385;3582;8378
9615;5957;7237
382;4816;616
9618;8195;3493
379;1071;5867
9621;3446;8744
376;6323;4000
9624;3719;6876
373;6596;9251
9627;8970;2127
370;1847;5506
9630;5226;4365
367;4085;6740
9633;6459;9616
364;9336;2995
9636;2715;5872
361;5591;8246
9639;7966;5141
358;4860;8519
9642;8239;1396
355;1115;3770
9645;3490;6647
352;6367;6008
9648;5728;8885
349;8604;1259
9651;979;4136
346;3856;7515
9654;7234;4409
343;4129;6784
9657;6503;9660
340;9380;3039
9660;2759;5916
337;5635;8290
9663;8010;7149
334;6869;528
9666;248;3405
331;3124;5779
9669;5499;8656
328;8375;6052
9672;3631;8929
325;6508;1303
9675;8882;4180
322;1759;7559
9678;5138;6418
319;3997;8792
9681;6371;1669
316;9248;5048
9684;2627;7925
313;5503;299
9687;7878;5053
310;4772;8431
9690;8151;1308
307;1027;3682
9693;3402;6559
304;6279;5920
9696;5640;8797
301;8516;1171
9699;891;4048
298;3768;7427
9702;7146;4321
295;4041;6696
9705;6415;9572
292;9292;2951
9708;2671;5828
289;5547;8202
9711;7922;7061
286;6781;440
9714;160;3317
283;3036;5691
9717;5411;8568
280;8287;5964
9720;5684;8841
277;8560;1215
9723;935;4092
274;3812;7471
9726;7190;6330
271;6049;8704
9729;8424;1581
268;1301;4960
9732;4679;7837
265;7556;211
9735;9931;7105
262;4684;484
9738;8063;3361
259;939;5735
9741;3314;8612
256;6191;7973
9744;5552;850
253;8428;3224
9747;803;6101
250;3680;9480
9750;7058;2796
247;3953;5171
9753;6327;8047
244;9204;1426
9756;2583;4303
241;5459;6677
9759;7834;5536
238;6693;8915
9762;72;1792
235;2948;4166
9765;5323;7043
232;8199;4440
9768;5596;7316
229;8472;9691
9771;847;2567
226;3724;5946
9774;7102;4805
223;5961;7180
9777;8336;56
220;1213;3435
9780;4591;6312
217;7468;8686
9783;9843;5580
214;6737;8959
9786;116;1836
211;2992;4210
9789;5367;7087
208;8243;6448
9792;7605;9325
205;481;1699
9795;2856;4576
202;5732;7955
9798;9111;4849
199;3865;7224
9801;6239;100
196;9116;3479
9804;2495;6356
193;5371;8730
9807;7746;7589
190;6605;968
9810;9984;3845
187;2860;6219
9813;5235;9096
184;8111;4352
9816;5508;7228
181;8384;9603
9819;759;2479
178;3636;5858
9822;7014;4717
175;5873;7092
9825;8248;9968
172;1125;3347
9828;4503;6224
169;7380;8598
9831;9755;5492
166;6649;8871
9834;28;1748
163;2904;4122
9837;5279;6999
160;8155;6360
9840;7517;9237
157;393;1611
9843;2768;4488
154;5644;7867
9846;9023;4761
151;5917;7136
9849;8292;12
148;1169;3391
9852;4547;6268
145;7424;8642
9855;9799;7501
142;8658;880
9858;2036;3757
139;4913;6131
9861;7288;9008
136;164;6404
9864;3983;9281
133;6860;1655
9867;9234;4532
130;2111;7911
9870;5490;6770
127;4349;9144
9873;6723;2021
124;9600;5400
9876;2979;8277
121;5855;651
9879;8230;5404
118;5124;8783
9882;8503;1660
115;1379;4034
9885;3754;6911
112;6631;6272
9888;5992;9149
109;8868;1523
9891;1243;4400
106;4120;7779
9894;7498;4673
103;4393;7048
9897;6767;9924
100;9644;3303
9900;3023;6180
97;5899;8554
9903;8274;7413
94;7133;792
9906;512;3669
91;3388;6043
9909;5763;8920
88;8639;6316
9912;6036;9193
85;8912;1567
9915;1287;4444
82;4164;7823
9918;7542;6682
79;6401;9056
9921;8776;1933
76;1653;5312
9924;5031;8189
73;7908;563
9927;282;7457
70;5036;836
9930;8415;3713
67;1291;6087
9933;3666;8964
64;6543;8325
9936;5904;1202
61;8780;3576
9939;1155;6453
58;4032;9832
9942;7410;4585
55;4305;6960
9945;6679;9836
52;9556;3215
9948;2935;6092
49;5811;8466
9951;8186;7325
46;7045;704
9954;424;3581
43;3300;5955
9957;5675;8832
40;8551;6228
9960;5948;9105
37;8824;1479
9963;1199;4356
34;4076;7735
9966;7454;6594
31;6313;8968
9969;8688;1845
28;1565;5224
9972;4943;8101
25;7820;475
22;7089;748
9977;4714;7871
19;3344;5999
9980;970;4127
16;8595;8237
9983;6221;5360
13;833;3488
9986;8459;1616
10;6084;9744
9989;3710;6867
7;4217;9012
9992;1842;7140
4;9468;5268
9995;7093;2391
1;5723;519
9998;3349;4629
