4999;1360;7004
5002;9487;5634
4996;6611;3259
5005;4738;885
4993;2866;8510
5008;6976;7580
4990;4100;5206
5011;2227;2831
4987;355;457
5014;8483;5069
4984;5606;2695
5017;7752;320
4981;5879;7946
5020;4007;6576
4978;1130;4201
5023;9258;5844
4975;3368;3470
5026;1496;2100
4972;8619;9725
5029;6747;7351
4969;4875;4977
5032;7020;9589
4966;4144;7214
5035;2271;4840
4963;399;2466
5038;8527;5113
4960;5650;2739
5041;9760;364
4957;7888;7990
5044;6016;6620
4954;3139;4245
5047;1267;7853
4951;3412;5479
5050;1540;4109
4948;8663;1734
5053;6791;9360
4945;4919;6985
5056;9029;9633
4942;6152;7258
5059;4280;4884
4939;2408;2510
5062;536;7122
4936;7659;4747
5065;7664;2373
4933;5791;9999
5068;3919;8629
4930;1042;6254
5071;9170;5756
4927;3280;3382
5074;1408;2012
4924;8531;9638
5077;6659;7263
4921;4787;4889
5080;6932;9501
4918;4056;7127
5083;2183;4752
4915;311;2378
5086;8439;5025
4912;5562;2651
5089;9672;276
4909;7800;7902
5092;5928;6532
4906;3051;4157
5095;1179;7765
4903;3324;5391
5098;1452;4021
4900;8575;1646
5101;6703;9272
4897;4831;6897
5104;8941;9545
4894;6064;7170
5107;4192;4796
4891;2320;2422
5110;448;7034
4888;7571;4660
5113;9716;2285
4885;7844;9911
5116;5972;8541
4882;3095;6166
5119;1223;7809
4879;5333;5435
5122;3461;4065
4876;584;1690
5125;8712;9316
4873;6840;6941
5128;6844;1554
4870;3968;9179
5131;2095;6805
4867;223;4430
5134;8351;4937
4864;5474;2563
5137;9584;188
4861;7712;7814
5140;5840;6444
4858;2963;4069
5143;1091;7677
4855;3236;5303
5146;1364;3933
4852;8487;1558
5149;6615;9184
4849;4743;6809
5152;8853;9457
4846;5976;7083
5155;4104;4708
4843;2232;2334
5158;360;6946
4840;7483;4572
5161;9628;2197
4837;7756;9823
5164;5884;8453
4834;3007;6078
5167;1135;7721
4831;5245;5347
5170;3373;3977
4828;496;1602
5173;8624;9228
4825;6752;6853
5176;8897;1466
4822;6020;9091
5179;4148;6717
4819;2276;4342
5182;404;6990
4816;7527;4616
5185;1637;2241
4813;9765;9867
5188;7893;8497
4810;5016;6122
5191;3144;9730
4807;3148;7356
5194;1276;5986
4804;8399;3611
5197;6527;1237
4801;4655;8862
5200;8765;9369
4798;5888;6995
5203;4016;4620
4795;2144;2246
5206;272;6858
4792;7395;4484
5209;9540;2109
4789;7668;9735
5212;5796;8365
4786;2919;5990
5215;1047;7633
4783;5157;5259
5218;3285;3889
4780;408;1514
5221;8536;9140
4777;6664;6765
5224;8809;1378
4774;5932;9003
5227;4060;6629
4771;2188;4254
5230;316;6902
4768;7439;4528
5233;1549;2153
4765;9677;9779
5236;7805;8409
4762;4928;6034
5239;3056;9642
4759;5201;7268
5242;3329;5898
4756;452;3523
5245;8580;1149
4753;6708;8774
5248;818;1422
4750;7941;9047
5251;6069;6673
4747;4197;4298
5254;2324;8911
4744;9448;6536
5257;8016;4162
4741;6143;1787
5260;4271;417
4738;1394;8043
5263;9522;8208
4735;3632;5833
5266;1760;4463
4732;8883;2089
5269;7011;9714
4729;5139;7340
5272;7284;1952
4726;4408;9578
5275;2535;7203
4723;663;4829
5278;8791;7477
4720;5914;5102
5281;24;2728
4717;8152;353
5284;6280;8983
4714;3403;6609
5287;1531;217
4711;3676;7842
5290;1804;6472
4708;8927;4098
5293;7055;1723
4705;5183;9349
5296;9293;1996
4702;6416;9622
5299;4544;7247
4699;2672;4873
5302;800;9485
4696;7923;7111
5305;68;4736
4693;8196;2362
5308;6324;992
4690;3447;8617
5311;1575;261
4687;5685;7886
5314;3813;6516
4684;936;4142
5317;9064;1767
4681;7192;9393
5320;7196;4005
4678;4320;1631
5323;2447;9256
4675;575;6882
5326;8703;7389
4672;5826;5014
5329;9936;2640
4669;8064;265
5332;6192;8895
4666;3315;6521
5335;1443;129
4663;3588;7754
5338;1716;6384
4660;8839;4010
5341;6967;1635
4657;5095;9261
5344;9205;1908
4654;6328;9534
5347;4456;7159
4651;2584;4785
5350;712;9397
4648;7835;7023
5353;9980;4648
4645;8108;2274
5356;6236;904
4642;3359;8529
5359;1487;173
4639;5597;7798
5362;3725;6428
4636;848;4054
5365;8976;1679
4633;7104;9305
5368;9249;3917
4630;6372;1543
5371;4500;9168
4627;2628;6794
5374;756;9441
4624;7879;7067
5377;1989;4692
4621;117;2318
5380;8245;948
4618;5368;8573
5383;3496;2181
4615;3500;9807
5386;1628;8437
4612;8751;6062
5389;6879;3688
4609;5007;1314
5392;9117;1820
4606;6240;9446
5395;4368;7071
4603;2496;4697
5398;624;9309
4600;7747;6935
5401;9892;4560
4597;8020;2186
5404;6148;816
4594;3271;8441
5407;1399;85
4591;5509;7710
5410;3637;6340
4588;760;3966
5413;8888;1591
4585;7016;9217
5416;9161;3829
4582;6284;1455
5419;4412;9080
4579;2540;6706
5422;668;9353
4576;7791;6979
5425;1901;4604
4573;29;2230
5428;8157;860
4570;5280;8485
5431;3408;2093
4567;5553;9719
5434;3681;8349
4564;804;5974
5437;8932;3600
4561;7060;1226
5440;1170;3873
4558;8293;1499
5442;1672;4375
4555;4549;6750
5445;6923;9626
4552;9800;8988
5448;5055;1864
4549;7932;4239
5451;307;7115
4546;3183;494
5454;6562;5248
4543;5421;7622
5457;7796;499
4540;672;3878
5460;4051;6754
4537;6928;9129
5463;9302;7988
4534;6196;1367
5466;9575;4243
4532;6699;1869
5469;4826;9494
4529;2954;7120
5472;7064;9768
4526;4188;7393
5475;2315;5019
4523;443;2644
5478;8571;7257
4520;5694;4882
5481;7840;2508
4517;5967;133
5484;4095;8763
4514;1218;6389
5487;9346;8032
4511;3456;5657
5490;1584;4287
4508;8707;1913
5493;6835;9538
4505;4963;7164
5496;7108;1776
4502;4232;9402
5499;2359;7027
4499;487;4653
5502;8615;7301
4496;5738;4926
5505;9848;2552
4493;7976;177
5508;6104;8807
4490;3227;6433
5511;1355;41
4487;9923;7666
5514;8050;6296
4484;5174;3922
5517;3302;1547
4481;1429;9173
5520;5539;8243
4478;2663;5868
5523;791;3494
4475;8918;1119
5526;7046;5732
4472;4169;3357
5529;6315;983
4469;4442;8608
5532;2570;7238
4466;9694;4864
5535;7821;6507
4463;1931;4133
5538;59;2762
4460;7183;388
5541;5310;8014
4457;3438;5639
5544;5583;251
4454;2707;7877
5547;835;5503
4451;8962;3128
5550;7090;5776
4448;4213;3401
5553;8324;1027
4445;6451;8652
5556;4579;7282
4442;1702;4908
5559;9830;8516
4439;1975;6141
5562;103;4771
4436;7227;2397
5565;5354;22
4433;3482;7648
5568;7592;295
4430;4716;7921
5571;2843;5547
4427;971;3172
5574;9099;7784
4424;6222;5410
5577;6227;3036
4421;4354;661
5580;2482;9291
4418;9606;6917
5583;7733;6419
4415;1843;4045
5586;9971;2675
4412;7095;300
5589;5222;7926
4409;3350;5551
5592;5495;164
4406;2619;7789
5595;747;5415
4403;8874;3040
5598;7002;5688
4400;4125;3313
5601;8236;939
4397;6363;8564
5604;4491;7194
4394;1614;4820
5607;9742;8428
4391;1887;6053
5610;15;4683
4388;7139;2309
5613;5266;9934
4385;3394;7560
5616;7504;208
4382;4628;7833
5619;2755;5459
4379;883;3084
5622;9011;7697
4376;6134;5322
5625;8280;2948
4373;6407;573
5628;4535;9203
4370;1658;6829
5631;9786;8472
4367;3896;6097
5634;2024;4727
4364;9147;2353
5637;7275;9978
4361;5403;7604
5640;5407;2216
4358;2531;9842
5643;659;7467
4355;8786;5093
5646;6914;5600
4352;4037;3225
5649;8148;851
4349;6275;8476
5652;4403;7106
4346;1526;4732
5655;9654;8340
4343;1799;5965
5658;9927;4595
4340;7051;2221
5661;5178;9846
4337;3306;7472
5664;7416;120
4334;4540;7745
5667;2667;5371
4331;795;2996
5670;8923;7609
4328;6046;5234
5673;8192;2860
4325;6319;485
5676;4447;9115
4322;1570;6741
5679;9698;8384
4319;3808;6009
5682;1936;4639
4316;9059;2265
5685;7187;9890
4313;5315;7516
5688;7460;2128
4310;4584;9754
5691;2711;7379
4307;839;5005
5694;8967;7653
4304;6090;5278
5697;200;2904
4301;8328;529
5700;6456;9159
4298;3579;6785
5703;1707;393
4295;1711;8018
5706;9839;6648
4292;6963;4274
5709;5090;1899
4289;3218;9525
5712;7328;32
4286;4452;7657
5715;2579;5283
4283;707;2908
5718;8835;7521
4280;5958;5146
5721;8104;2772
4277;6231;397
5724;4359;9027
4274;1482;6653
5727;9610;8296
4271;3720;5921
5730;1848;4551
4268;8971;2177
5733;7099;9802
4265;5227;7428
5736;7372;2040
4262;4496;9666
5739;2623;7291
4259;751;4917
5742;8879;7565
4256;6002;5190
5745;112;2816
4253;8240;441
5748;6368;9071
4250;3491;6697
5751;1619;305
4247;3764;7930
5754;1892;6560
4244;9015;4186
5757;7143;1811
4241;5271;9437
5760;9381;2084
4238;6504;9710
5763;4632;7335
4235;2760;4961
5766;888;9573
4232;8011;7199
5769;6579;4824
4229;4706;2450
5772;2834;1080
4226;9958;8705
5775;8085;6771
4223;2195;4397
5778;323;3026
4220;7447;652
5781;5574;8278
4217;3702;5903
5784;5847;515
4214;2971;8141
5787;1098;5767
4211;9226;3392
5790;7354;6040
4208;4477;3665
5793;8587;1291
4205;6715;8916
5796;4843;7546
4202;1966;5172
5799;94;8780
4199;2239;6405
5802;367;5035
4196;7491;2661
5805;5618;286
4193;3746;7912
5808;7856;559
4190;4980;1833
5811;3107;9459
4187;1235;7084
5814;9363;8048
4184;6486;5674
5817;8631;3300
4181;6759;925
5820;4887;9555
4178;2010;7181
5823;138;2472
4175;4248;97
5826;2376;8727
4172;9499;6353
5829;7627;3978
4169;5755;1604
5832;5759;6216
4166;2883;3842
5835;1010;1467
4163;9138;9093
5838;7266;5952
4160;4389;3577
5841;8500;1203
4157;6627;8828
5844;4755;7458
4154;1878;5084
5847;6;8692
4151;2151;6317
5850;279;4947
4148;7403;2573
5853;5530;198
4145;3658;7824
5856;7768;471
4142;4892;8097
5859;3019;5723
4139;1147;3348
5862;9275;7960
4136;6398;5586
5865;8543;3212
4133;6671;837
5868;4799;9467
4130;1922;7093
5871;50;8736
4127;4160;6361
5874;2288;4991
4124;9411;2617
5877;7539;242
4121;5667;7868
5880;7812;2480
4118;4936;106
5883;3063;7731
4115;1191;5357
5886;9319;8004
4112;6442;5630
5889;552;3256
4109;8680;881
5892;6808;9511
4106;3931;7137
5895;2059;745
4103;2063;8370
5898;191;7000
4100;7315;4626
5901;5442;2251
4097;3570;9877
5904;7680;383
4094;4804;8009
5907;2931;5635
4091;1059;3260
5910;9187;7872
4088;6310;5498
5913;8456;3124
4085;6583;749
5916;4711;9379
4082;1834;7005
5919;9962;8648
4079;4072;6273
5922;2200;4903
4076;9323;2529
5925;7451;154
4073;5579;7780
5928;7724;2392
4070;4848;18
5931;2975;7643
4067;1103;5269
5934;9231;7916
4064;6354;5542
5937;464;3168
4061;8592;793
5940;6720;9423
4058;3843;7049
5943;1971;657
4055;4116;8282
5946;2244;6912
4052;9367;4538
5949;7495;2163
4049;5623;9789
5952;9733;2436
4046;6856;62
5955;4984;7687
4043;3112;5313
5958;1240;9925
4040;8363;7551
5961;8368;5176
4037;6495;2802
5964;4623;1432
4034;1746;9057
5967;9874;8560
4031;3984;6185
5970;2112;4815
4028;9235;2441
5973;7363;66
4025;5491;7692
5976;7636;2304
4022;4760;9930
5979;2887;7555
4019;1015;5181
5982;9143;7828
4016;6266;5454
5985;376;3080
4013;8504;705
5988;6632;9335
4010;3755;6961
5991;1883;569
4007;4028;8194
5994;2156;6824
4004;9279;4450
5997;7407;2075
4001;5535;9701
6000;9645;2348
3998;6768;9974
6003;4896;7599
3995;3024;5225
6006;1152;9837
3992;8275;7463
6009;420;5088
3989;8548;2714
6012;6676;1344
3986;3799;8969
6015;1927;613
3983;6037;8238
6018;4165;6868
3980;1288;4494
6021;9416;2119
3977;7544;9745
6024;1859;4357
3974;8982;1983
6027;7110;9608
3971;5238;7234
6030;3365;9952
3968;489;7577
6033;4599;5203
3965;2727;2828
6036;854;1458
3962;7978;9084
6039;6105;2692
3959;8251;317
6042;6379;8947
3956;3502;6573
6045;1630;4198
3953;9757;1824
6048;3868;4471
3950;991;2097
6051;9119;9723
3947;7246;7348
6054;5374;1960
3944;2498;9586
6057;4643;7212
3941;2771;4837
6060;898;3467
3938;8022;1093
6063;6149;2736
3935;260;361
6066;8387;8991
3932;5511;6617
6069;3638;4242
3929;1766;1868
6072;3912;6480
3926;1035;4106
6075;9163;1731
3923;7290;9357
6078;5418;2004
3920;2542;9630
6081;6652;7256
3917;4779;4881
6084;2907;3511
3914;31;1137
6087;8158;4745
3911;8163;2370
6090;6291;1000
3908;3414;8626
6093;1542;6251
3905;9669;3877
6096;3780;4383
3902;903;2009
6099;9031;9635
3899;7158;7260
6102;5286;1872
3896;2410;9498
6105;4555;7124
3893;2683;4749
6108;810;3379
3890;7934;1005
6111;6061;2648
3887;172;273
6114;8299;8903
3884;5423;6529
6117;3550;4154
3881;1678;1780
6120;3824;6392
3878;947;4018
6123;9075;1643
3875;7202;9269
6126;5330;1916
3872;2454;9542
6129;6564;7168
3869;4691;4793
6132;2819;3423
3866;9943;1049
6135;8070;4657
3863;216;2282
6138;8343;912
3860;5467;8538
6141;3594;6163
3857;1722;3789
6144;5832;6436
3854;2956;4062
6147;1083;1687
3851;9211;9313
6150;7339;3925
3848;4462;1551
6153;4467;9176
3845;2595;6802
6156;722;5432
3842;7846;3057
6159;5973;2560
3839;84;185
6162;8211;8815
3836;5335;6441
6165;3462;4066
3833;1590;1692
6168;3736;6304
3830;859;3930
6171;8987;1555
3827;7114;9181
6174;5242;1828
3824;2366;9454
6177;6476;7080
3821;4603;4705
6180;2731;3335
3818;9855;961
6183;7982;4569
3815;128;2194
6186;8255;824
3812;5379;8450
6189;3506;6075
3809;1634;3701
6192;5744;6348
3806;2868;3974
6195;995;1599
3803;9123;9225
6198;7251;3837
3800;4374;1463
6201;6520;9088
3797;4647;6714
6204;2775;5344
3794;9899;2969
6207;8026;4613
3791;2136;2238
6210;264;868
3788;7388;8494
6213;5515;6119
3785;3643;3745
6216;3648;8357
3782;771;5983
6219;8899;3608
3779;7026;1234
6222;5154;1740
3776;2278;9366
6225;6388;6992
3773;4515;4617
6228;2643;3247
3770;9767;873
6231;7894;4481
3767;40;2106
6234;8167;736
3764;5291;8362
6237;3418;5987
3761;1546;3613
6240;5656;6260
3758;2780;3886
6243;907;1511
3755;9035;9137
6246;7163;3749
3752;4286;1375
6249;6432;9000
3749;4559;6626
6252;2687;5256
3746;9811;2881
6255;7938;4525
3743;2048;2150
6258;176;780
3740;7300;8406
6261;5427;6031
3737;3555;3657
6264;5700;8269
3734;2824;5895
6267;951;3520
3731;9079;1146
6270;7207;3793
3728;4330;1419
6273;8440;9044
3725;6568;6670
6276;4696;5300
3722;1819;2925
6279;9947;6533
3719;8515;4159
6282;6643;2789
3716;3766;414
6285;1894;8040
3713;21;5666
6288;4132;6835
3710;1255;4460
6291;9383;2086
3707;7510;9711
6294;5638;4324
3704;2761;1949
6297;4907;9575
3701;3035;7200
6300;1162;5830
3698;8286;3456
6303;6413;5099
3695;524;2725
6306;8651;1355
3692;5775;8980
6309;3902;6606
3689;2030;4231
6312;4176;8844
3686;1299;6469
6315;9427;4095
3683;7554;1720
6318;5682;4368
3680;2805;1993
6321;6916;9619
3677;5043;7244
6324;3171;5874
3674;294;3500
6327;8422;7108
3671;568;4733
6330;8695;3363
3668;5819;989
6333;3946;8615
3665;2074;6240
6336;6184;8888
3662;3308;6513
6339;1435;4139
3659;9563;1764
6342;7691;6377
3656;4814;4002
6345;4819;1628
3653;2947;9253
3650;8198;5509
6350;1577;262
3647;436;2637
6353;2810;5513
3644;5687;8892
6356;9066;1769
3641;1942;4143
6359;4317;3002
3638;1211;6381
6362;4590;9258
3635;7466;1632
6365;9841;4509
3632;2718;1905
6368;2079;4782
3629;4955;7156
6371;7330;33
6374;3585;2271
3624;709;9897
6377;2854;7522
3621;982;5148
6380;9110;3778
3618;6233;1403
6383;4361;3046
3615;8471;672
6386;6599;9302
3612;3722;6927
6389;1850;4553
3609;9977;2178
6392;2123;6791
3606;9246;4416
6395;7374;2042
3603;5502;9667
6398;3629;2315
3600;753;9941
6401;4863;7566
3597;2991;5192
6404;1118;3822
3594;8242;1447
6407;6369;5055
3591;6374;2681
6410;4502;1311
3588;1625;8936
6413;9753;6562
3585;7881;4187
6416;1991;4694
3582;9114;2320
6419;7242;9945
3579;5370;7571
6422;3497;2183
3576;621;9809
6425;2766;7434
3573;894;5060
6428;9022;3690
3570;6145;1315
6431;4273;2958
3567;8383;584
6434;6511;9214
3564;3634;6839
6437;1762;4465
3561;9889;2090
6440;2035;6703
3558;9158;4328
6443;7286;1954
3555;5414;9579
6446;3541;2227
3552;665;9853
6449;4775;7478
3549;2903;5104
6452;1030;3734
3546;8154;1359
6455;6281;4967
3543;8427;2593
6458;6555;1223
3540;3678;8848
6461;1806;6474
3537;9933;4099
6464;4044;6747
3534;1167;4372
6467;9295;1998
3531;7422;9623
6470;5550;4236
3528;2674;1861
6473;2678;9487
3525;806;7112
6476;8934;5742
3522;6057;3368
6479;4185;2870
3519;8295;496
6482;6423;9126
3516;3546;6751
6485;1674;4377
3513;9801;2002
6488;1947;6615
3510;9070;4240
6491;7198;1866
3507;5326;9491
6494;3453;2139
3504;577;9765
6497;4687;7390
3501;2815;5016
6500;942;3646
3498;8066;1271
6503;6193;4879
3495;8339;2505
6506;6467;1135
3492;3590;8760
6509;1718;6386
3489;9845;4011
6512;3956;6659
3486;1079;4284
6515;9207;1910
3483;7334;9535
6518;5462;4148
3480;2586;1773
6521;4731;9399
3477;2859;7024
6524;986;5654
3474;8110;3280
6527;6237;4923
3471;348;2549
6530;8475;1179
3468;5599;8804
6533;3726;6430
3465;1854;4055
6536;422;8668
3462;7545;6293
6539;5673;3919
3459;3801;1544
6542;1929;614
3456;9052;8240
6545;3162;5865
3453;1290;3491
6548;9418;2121
3450;6541;9746
6551;4669;3354
3447;6814;980
6554;4942;9610
3444;2065;7235
6557;193;4861
3441;8321;2486
6560;2431;5134
3438;9554;2760
6563;7682;385
3435;5810;8011
6566;3937;2623
3432;1061;249
6569;3206;7874
3429;1334;5500
6572;9462;4130
3426;6585;1755
6575;4713;3398
3423;8823;1024
6578;6951;9654
3420;4074;7279
6581;2202;4905
3417;329;2530
6584;2475;7143
3414;9598;4768
6587;7726;2394
3411;5854;19
6590;3981;2667
3408;1105;293
6593;5215;7918
3405;3343;5544
6596;1470;4174
3402;8594;1799
6599;6721;5407
3399;6726;3033
6602;4854;1663
3396;1977;9288
6605;105;6914
3393;8233;4539
6608;2343;5046
3390;9466;2672
6611;7594;297
3387;5722;7923
6614;3849;2535
3384;973;161
6617;3118;7786
3381;1246;5412
6620;9374;4042
3378;6497;1667
6623;4625;3310
3375;8735;936
6626;6863;9566
3372;3986;7191
6629;2114;4817
3369;241;2442
6632;2387;7055
3366;9510;4680
6635;7638;2306
3363;5766;9931
6638;3893;2579
3360;1017;205
6641;5127;7830
3357;3255;5456
6644;1382;4086
3354;8506;1711
6647;6633;5319
3351;8779;2945
6650;6907;1575
3348;4030;9200
6653;2158;6826
3345;285;4451
6656;4396;7099
3342;1519;4724
6659;9647;2350
3339;7774;9975
6662;5902;4588
3336;3025;2213
6665;3030;9839
3333;1158;7464
6668;9286;6094
3330;6409;3720
6671;4537;3222
3327;8647;848
6674;6775;9478
3324;3898;7103
6677;2026;4729
3321;153;2354
6680;2299;6967
3318;9422;4592
6683;7550;2218
3315;5678;9843
6686;3805;2491
3312;929;117
6689;5039;7742
3309;3167;5368
6692;1294;3998
3306;8418;1623
6695;6545;5231
3303;8691;2857
6698;6819;1487
3300;3942;9112
6701;2070;6738
3297;197;4363
6704;4308;7011
3294;1431;4636
6707;9559;2262
3291;7686;9887
6710;5814;4500
3288;2937;2125
6713;5083;9751
3285;3211;7376
6716;1338;6006
3282;8462;3632
6719;6589;5275
3279;700;2901
6722;8827;1531
3276;5951;9156
6725;4078;6782
3273;2206;4407
6728;2211;9020
3270;9334;6645
6731;7462;4271
3267;5590;1896
6734;3717;2403
3264;841;29
6737;4951;7654
3261;3079;5280
6740;1206;3910
3258;8330;1535
6743;6457;5143
3255;8603;2769
6746;6731;1399
3252;3854;9024
6749;1982;6650
3249;109;4275
6752;4220;6923
3246;1343;4548
6755;9471;2174
3243;7598;9799
6758;5726;4412
3240;2849;2037
6761;4995;9663
3237;3123;7288
6764;1250;5918
3234;8374;3544
6767;6501;5187
3231;612;2813
6770;8739;1443
3228;5863;9068
6773;3990;6694
3225;2118;4319
6776;4264;8932
3222;1387;6557
6779;9515;4183
3219;7642;1808
6782;5770;4456
3216;2893;2081
6785;7004;9707
3213;5131;7332
6788;3259;5962
3210;382;3588
6791;8510;7196
3207;7078;4821
6794;5206;3451
3204;2329;1077
6797;457;8703
3201;8585;6328
6800;2695;5398
3198;9818;3024
6803;7946;649
3195;6074;8275
6806;4201;2887
3192;1325;513
6809;3470;8138
3189;1598;5764
6812;9725;4394
3186;6849;2019
6815;4977;3662
3183;9087;1288
6818;7214;9918
3180;4338;7543
6821;2466;5169
3177;593;2794
6824;2739;7407
3174;9862;5032
6827;7990;2658
3171;6118;283
6830;4245;2931
3168;1369;557
6833;5479;8182
3165;3607;5808
6836;1734;4438
3162;8858;2063
6839;6985;5671
3159;9131;3297
6842;7258;1927
3156;4382;9552
6845;2510;7178
3153;637;4803
6848;4747;7451
3150;1871;5076
6851;9999;2702
3147;8126;327
6854;6254;4940
3144;3377;2565
6857;3382;191
3141;1510;7816
6860;9638;6446
3138;6761;4072
6863;4889;3574
3135;8999;1200
6866;7127;9830
3132;4250;7455
6869;2378;5081
3129;505;2706
6872;2651;7319
3126;9774;4944
6875;7902;2570
3123;6030;195
6878;4157;2843
3120;1281;469
6881;5391;8094
3117;3519;5720
6884;1646;4350
3114;8770;1975
6887;6897;5583
3111;9043;3209
6890;7170;1839
3108;4294;9464
6893;2422;7090
3105;549;4715
6896;4660;7363
3102;1783;4988
6899;9911;2614
3099;8038;239
6902;6166;4852
3096;3289;2477
6905;5435;103
3093;3563;7728
6908;1690;6358
3090;8814;3984
6911;6941;5627
3087;1052;3253
6914;9179;1883
3084;6303;9508
6917;4430;7134
3081;2558;4759
6920;2563;9372
3078;9686;6997
6923;7814;4623
3075;5942;2248
6926;4069;2755
3072;1193;381
6929;5303;8006
3069;3431;5632
6932;1558;4262
3066;8682;1887
6935;6809;5495
3063;8955;3121
6938;7083;1751
3060;4206;9376
6941;2334;7002
3057;461;4627
6944;4572;7275
3054;1695;4900
6947;9823;2526
3051;7950;151
6950;6078;4764
3048;3201;2389
6953;5347;15
3045;3475;7640
6956;1602;6270
3042;8726;3896
6959;6853;5539
3039;964;3165
6962;9091;1795
3036;6215;9420
6965;4342;7046
3033;2470;4671
6968;4616;9284
3030;1739;6909
6971;9867;4535
3027;7994;2160
6974;6122;4808
3024;3245;2433
6977;7356;59
3021;5483;7684
6980;3611;6314
3018;734;3940
6983;8862;7548
3015;8867;5173
6986;6995;3803
3012;4118;1429
6989;2246;9054
3009;373;6680
6992;4484;7187
3006;1607;4812
6995;9735;2438
3003;7862;63
6998;5990;4676
3000;3113;2301
7001;5259;9927
2997;3387;7552
7004;1514;6182
2994;8638;3808
7007;6765;5451
2991;876;3077
7010;9003;1707
2988;6127;9332
7013;4254;6958
2985;2382;4583
7016;4528;9196
2982;1651;6821
7019;9779;4447
2979;7906;2072
7022;6034;4720
2976;3157;2345
7025;7268;9971
2973;5395;7596
7028;3523;6226
2970;646;3852
7031;8774;7460
2967;920;5085
7034;9047;3715
2964;6171;1341
7037;4298;8966
2961;2426;6592
7040;6536;9240
2958;3660;6865
7043;1787;4491
2955;9915;2116
7046;8043;6729
2952;5166;4354
7049;5833;1980
2949;3961;9605
7052;2089;8235
2946;9212;5861
7055;7340;3926
2943;1450;1552
7058;9578;182
2940;6701;7807
7061;4829;5433
2937;2957;3058
7064;5102;7671
2934;2225;5296
7067;353;2922
2931;8481;547
7070;6609;3195
2928;3732;821
7073;7842;8446
2925;5970;6072
7076;4098;4702
2922;1221;2327
7079;9349;5935
2919;1494;3561
7082;9622;2191
2916;6745;9816
7085;4873;7442
2913;3001;5067
7088;7111;7715
2910;4234;5340
7091;2362;2966
2907;490;591
7094;8617;5204
2904;5741;2829
7097;7886;455
2901;6014;8080
7100;4142;6710
2898;1265;4336
7103;9393;5979
2895;3503;3605
7106;1631;2235
2892;8754;9860
7109;6882;7486
2889;5010;5111
7112;5014;9724
2886;2137;7349
7115;265;4975
2883;8393;2600
7118;6521;3107
2880;3644;733
7121;7754;8358
2877;5882;5984
7124;4010;4614
2874;1133;2239
7127;9261;5847
2871;1406;3473
7130;9534;2103
2868;6657;9728
7133;4785;7354
2865;2913;4979
7136;7023;7627
2862;4146;5252
7139;2274;2878
2859;402;503
7142;8529;5116
2856;5653;2741
7145;7798;367
2853;5926;7992
7148;4054;6622
2850;1177;4248
7151;9305;5891
2847;3415;3517
7154;1543;2147
2844;8666;9772
7157;6794;7398
2841;4922;5023
7160;7067;9636
2838;4190;7261
7163;2318;4887
2835;446;2512
7166;8573;5160
2832;5697;2785
7169;9807;411
2829;7935;8036
7172;6062;6666
2826;3186;4292
7175;1314;7900
2823;1318;5525
7178;9446;4155
2820;6569;1781
7181;4697;9406
2817;2825;7032
7184;6935;7539
2814;4058;5164
7187;2186;2790
2811;314;415
7190;8441;5028
2808;5565;2653
7193;7710;279
2805;5838;7904
7196;3966;6534
2802;1089;4160
7199;9217;5803
2799;3327;3429
7202;1455;2059
2796;8578;9684
7205;6706;7310
2793;4834;4935
7208;6979;9548
2790;4102;7173
7211;2230;4799
2787;358;2424
7214;8485;5072
2784;5609;2697
7217;9719;323
2781;7847;7948
7220;5974;6578
2778;3098;4204
7223;1226;7812
2775;3371;5437
7226;1499;4067
2772;8622;1693
7229;6750;9318
2769;4878;6944
7232;8988;9592
2766;6111;7217
7235;4239;4843
2763;2367;2468
7238;494;7081
2760;7618;4706
7241;7622;2332
2757;5750;9957
7244;3878;8587
2754;1001;6213
7247;9129;5715
2751;3239;3341
7250;1367;1971
2748;8490;9596
7253;6618;7222
2745;4746;4847
7255;7120;3706
2742;4014;7085
7258;7393;9962
2739;270;2336
7261;2644;5213
2736;5521;2609
7264;4882;5486
2733;7759;7860
7267;133;737
2730;3010;4116
7270;6389;2975
2727;3283;5349
7273;5657;8226
2724;8534;1605
7276;1913;4482
2721;4790;6856
7279;7164;3750
2719;1274;1376
7282;9402;6
2716;6525;7631
7285;4653;5257
2713;2781;2882
7288;4926;7495
2710;2049;5120
7291;177;2746
2707;8305;371
7294;6433;3019
2704;3556;645
7297;7666;8270
2701;5794;5896
7300;3922;4526
2698;1045;2151
7303;9173;5759
2695;7741;3385
7306;5868;2015
2692;2992;9640
7309;1119;7266
2689;9247;4891
7312;3357;4015
2686;481;1640
7315;8608;9266
2683;6736;6892
7318;4864;1504
2680;1987;9129
7321;4133;6755
2677;2260;4381
7324;388;3011
2674;7511;636
7327;5639;2279
2671;9749;9905
7330;7877;8535
2668;5000;6160
7333;3128;3786
2665;1256;1411
7336;3401;6024
2662;525;3649
7339;8652;1275
2659;6780;8900
7342;4908;1548
2656;2031;9173
7345;6141;6799
2653;4269;4425
7348;2397;3055
2650;9520;680
7351;7648;4288
2647;9793;1914
7354;7921;544
2644;5044;8169
7357;3172;5795
2641;1300;3420
7360;5410;6068
2638;2533;3693
7363;661;1319
2635;8789;8944
7366;6917;3557
2632;4040;1182
7369;4045;8808
2629;2172;6433
7372;300;5063
2626;7423;2689
7375;5551;8543
2623;9661;6169
7378;7789;4799
2620;4912;2424
7381;3040;50
2617;1168;7675
7384;3313;2288
2614;437;9913
7387;8564;7539
2611;6692;5164
7390;4820;7812
2608;1943;5437
7393;6053;3063
2605;4181;689
7396;2309;9319
2602;9432;6944
7399;7560;552
2599;9705;8178
7402;7833;6808
2596;4956;4433
7405;3084;2059
2593;1212;9684
7408;5322;2332
2590;2445;9957
7411;573;7583
2587;8701;5208
7414;6829;9821
2584;3952;7446
7417;6097;5072
2581;4225;2697
7420;2353;1327
2578;9476;8953
7423;7604;596
2575;1714;8222
7426;9842;500
2572;6965;8125
7429;5093;5751
2569;3221;3376
7432;3225;4341
2566;349;1966
7435;8476;9592
2563;6604;7217
7438;4732;7724
2560;1855;5349
7441;5965;2975
2557;4093;601
7444;2221;9231
2554;9344;6856
7447;7472;464
2551;9617;8090
7450;7745;6720
2548;4868;4345
7453;2996;1971
2545;1124;9596
7456;5234;2244
2542;2357;9869
7459;485;7495
2539;8613;5120
7462;6741;9733
2536;3864;7358
7465;6009;4984
2533;4137;2609
7468;2265;1239
2530;9388;8865
7471;7516;508
2527;1626;8134
7474;9754;6764
2524;6877;4389
7477;5005;2015
2521;3133;9640
7480;5278;4253
2518;2401;1878
7483;529;9504
2515;8657;7129
7486;6785;9777
2512;3908;7402
7489;8018;5028
2509;6146;2653
7492;4274;1283
2506;1397;8909
7495;9525;2517
2503;9529;142
7498;7657;8772
2500;4780;6398
7501;2908;4023
2497;1036;1649
7504;5146;2156
2494;2269;9781
7507;397;7407
2491;8525;5032
7510;6653;9645
2488;3776;7270
7513;5921;4896
2485;4049;2521
7516;2177;1151
2482;9300;8777
7519;7428;420
2479;1538;8046
7522;9666;6676
2476;6789;4301
7525;4917;1927
2473;3045;9552
7528;5190;4165
2470;2313;1790
7531;441;9416
2467;8569;7041
7534;6697;9689
2464;3820;7314
7537;7930;4940
2461;6058;2565
7540;4186;1195
2458;1309;8821
7543;9437;2429
2455;1582;54
7546;9710;8684
2452;6833;6310
7549;4961;3935
2449;3089;1561
7552;7199;4209
2446;4322;1834
7555;2450;9460
2443;578;7085
7558;8705;1698
2440;5829;9323
7561;4397;6949
2437;2524;4574
7564;652;3204
2434;7775;830
7567;5903;2543
2431;13;169
7570;8141;8799
2428;5264;6424
7573;3392;4050
2425;1520;1675
7576;3665;6288
2422;789;3913
7579;8916;1539
2419;7044;9164
7582;5172;1812
2416;2295;9437
7585;6405;7063
2413;4533;4689
7588;2661;3318
2410;9784;944
7591;7912;4552
2407;57;2178
7594;1833;807
2404;5308;8433
7597;7084;6059
2401;5212;3684
7600;5674;6332
2398;2797;3957
7603;925;1583
2395;9053;9208
7606;7181;3821
2392;4304;1446
7609;97;9072
2389;8225;6697
7612;6353;5327
2386;3476;2953
7615;1604;4596
2383;5714;2222
7618;3842;851
2380;965;8477
7621;9093;6103
2377;7221;3728
7624;3577;8340
2374;701;5966
7627;8828;3592
2371;6956;1217
7630;5084;1724
2368;2207;9349
7633;6317;6975
2365;4445;4601
7636;2573;3230
2362;9696;856
7639;7824;4464
2359;9969;2090
7642;8097;719
2356;5220;8345
7645;3348;5971
2353;1476;3596
7648;5586;6244
2350;2709;3869
7651;837;1495
2347;8965;9120
7654;7093;3733
2344;4216;1358
7657;6361;8984
2341;4489;6609
7660;2617;5239
2338;9740;2865
7663;7868;4508
2335;1978;2134
7666;106;763
2332;7229;8389
7669;5357;6015
2329;3485;3640
7672;5630;8252
2326;2753;5878
7675;881;3504
2323;9009;1129
7678;7137;3777
2320;4260;1402
7681;8370;9028
2317;6498;6653
7684;4626;5283
2314;1749;2909
7687;9877;6517
2311;9881;4142
7690;8009;2772
2308;5132;398
7693;3260;8023
2305;1388;5649
7696;5498;6156
2302;2621;3781
7699;749;1407
2299;8877;9032
7702;7005;3645
2296;4128;1270
7705;6273;8896
2293;4401;6521
7708;2529;5151
2290;9652;2777
7711;7780;4420
2287;1890;2046
7714;18;675
2284;7141;8301
7717;5269;5927
2281;3397;3552
7720;5542;8164
2278;2665;5790
7723;793;3416
2275;8921;1041
7726;7049;3689
2272;4172;1314
7729;8282;8940
2269;6410;6565
7732;4538;5195
2266;1661;2821
7735;9789;6429
2263;1934;4054
7738;62;2684
2260;7185;310
7741;5313;7935
2257;3441;5561
7744;7551;8208
2254;4674;5834
7747;2802;3460
2251;930;1085
7750;9057;5697
2248;6181;3323
7753;6185;949
2245;4313;8574
7756;2441;7204
2242;9564;4830
7759;7692;4332
2239;1802;1958
7762;9930;588
2236;7053;8213
7765;5181;5839
2233;3309;3464
7768;5454;8077
2230;2577;5702
7771;705;3328
2227;8833;953
7774;6961;3601
2224;4084;1226
7777;8194;8852
2221;6322;6477
7780;4450;5107
2218;1573;2733
7783;9701;6341
2215;1846;3966
7786;9974;2596
2212;7097;222
7789;5225;7847
2209;3353;5473
7792;7463;8120
2206;4586;5746
7795;2714;3372
2203;842;997
7798;8969;5609
2200;6093;3235
7801;8238;861
2197;6366;8486
7804;4494;7116
2194;1617;4742
7807;9745;6385
2191;3855;4010
7810;1983;2640
2188;9106;266
7813;7234;7891
2185;5361;5517
7816;7577;129
2182;4701;7755
7819;2828;5380
2179;956;3006
7822;9084;2076
2176;6207;9701
7825;317;7327
2173;8445;4953
7828;6573;3582
2170;3696;1208
7831;1824;4816
2167;3969;2442
7834;2097;1071
2164;9220;8697
7837;7348;6323
2161;5476;3948
7840;9586;6596
2158;6709;4221
7843;4837;1847
2155;2965;9472
7846;1093;4085
2152;8216;1710
7849;361;9336
2149;8489;6961
7852;6617;5591
2146;3740;3217
7855;1868;4860
2143;5978;2486
7858;4106;1115
2140;1229;8741
7861;9357;6367
2137;7485;3992
7864;9630;8604
2134;6753;6230
7867;4881;3856
2131;3009;1481
7870;1137;4129
2128;8260;1754
7873;2370;9380
2125;498;7005
7876;8626;5635
2122;5749;3261
7879;3877;6869
2119;3881;4494
7882;2009;3124
2116;9132;750
7885;7260;8375
2113;5388;6001
7888;9498;6508
2110;6621;4133
7891;4749;1759
2107;2877;9384
7894;1005;3997
2104;8128;1622
7897;273;9248
2101;8401;6873
7900;6529;5503
2098;3652;3129
7903;1780;4772
2095;5890;2398
7906;4018;1027
2092;1141;8653
7909;9269;6279
2089;7397;3904
7912;9542;8516
2086;6665;6142
7915;4793;3768
2083;2921;1393
7918;1049;4041
2080;8172;1666
7921;2282;9292
2077;410;6917
7924;8538;5547
2074;5661;3173
7927;3789;6781
2071;5934;4406
7930;4062;3036
2068;1185;662
7933;9313;8287
2065;7441;5913
7936;1551;8560
2062;8674;6186
7939;6802;3812
2059;4930;1437
7942;3057;6049
2056;181;3675
7945;185;1301
2053;8313;8926
7948;6441;7556
2050;3564;5182
7951;1692;4684
2047;5802;2310
7954;3930;939
2044;1053;8565
7957;9181;6191
2041;7309;3816
7960;9454;8428
2038;6577;6054
7963;4705;3680
2035;2833;1305
7966;961;3953
2032;8084;1578
7969;2194;9204
2029;322;6829
7972;8450;5459
2026;5573;3085
7975;3701;6693
2023;5846;4318
7978;3974;2948
2020;1097;574
7981;9225;8199
2017;7353;5825
7984;1463;8472
2014;8586;6098
7987;6714;3724
2011;4842;1349
7990;2969;5961
2008;93;3587
7993;2238;1213
2005;366;8838
7996;8494;7468
2002;5617;5094
7999;3745;6737
1999;7855;4362
8002;5983;2992
1996;3106;618
8005;1234;8243
1993;9361;5869
8008;9366;481
1990;6489;8107
8011;4617;5732
1987;2745;3358
8014;873;3865
1984;7996;1490
8017;2106;9116
1981;234;6741
8020;8362;5371
1978;5485;2997
8023;3613;6605
1975;5758;4230
8026;3886;2860
1972;1009;486
8029;9137;8111
1969;7265;5737
8032;1375;8384
1966;8498;6010
8035;6626;3636
1963;4754;1261
8038;2881;5873
1960;5;3499
8041;2150;1125
1957;278;8750
8044;8406;7380
1954;5529;5006
8047;3657;6649
1951;7767;4274
8050;5895;2904
1948;3018;530
8053;1146;8155
1945;9273;5781
8056;1419;393
1942;8542;8019
8059;6670;5644
1939;4798;3270
8062;2925;5917
1936;49;3543
8065;4159;1169
1933;2287;8794
8068;414;7424
1930;7538;5050
8071;5666;8658
1927;6333;6283
8074;4460;4913
1924;1584;2539
8077;9711;164
1921;7839;7790
8080;1949;6860
1918;9073;4485
8083;7200;2111
1915;5328;9736
8086;3456;4349
1912;579;1974
8089;2725;9600
1909;852;7225
8092;8980;5855
1906;6104;3481
8095;4231;5124
1903;8341;2749
8098;6469;1379
1900;3593;9005
8101;1720;6631
1897;9848;4256
8104;1993;8868
1894;9117;6494
8107;7244;4120
1891;5372;1745
8110;3500;4393
1888;623;2018
8113;4733;9644
1885;2861;7269
8116;989;5899
1882;8112;3525
8119;6240;7133
1879;8385;4758
8122;6513;3388
1876;3637;1014
8125;1764;8639
1873;9892;6265
8128;4002;8912
1870;1126;6538
8131;9253;4164
1867;7381;1789
8134;5509;6401
1864;2632;4027
8137;2637;1653
1861;764;9278
8140;8892;7908
1858;6016;5534
8143;4143;5036
1855;8253;2661
8146;6381;1291
1852;3505;8917
8149;1632;6543
1849;9760;4168
8152;1905;8780
1846;9029;6406
8155;7156;4032
1843;5284;1657
8158;3412;4305
1840;535;1930
1837;2773;7181
8163;5148;58
1834;8024;3437
8166;1403;2296
1831;8297;4670
8169;672;7547
1828;3549;926
8172;6927;3802
1825;9804;6177
8175;2178;3071
1822;1038;6450
8178;4416;9327
1819;7293;1701
8181;9667;4578
1816;2544;3939
8184;9941;6816
8187;5192;2067
1811;3319;9692
8190;1447;2340
1808;8571;9965
8193;2681;7591
1805;808;5216
8196;8936;3846
1802;6060;1472
8199;4187;5080
1799;4192;2705
8202;2320;1335
1796;9443;8961
8205;7571;6587
1793;5698;4212
8208;9809;4719
1790;6932;2344
8211;5060;9970
1787;3187;7595
8214;1315;1360
1784;8439;8985
8217;584;6611
1781;8712;4236
8220;6839;2866
1778;3963;492
8223;2090;4100
1775;6201;1725
8226;4328;355
1772;1452;7981
8229;9579;5606
1769;7707;3232
8232;9853;5879
1766;6976;3505
8235;5104;1130
1763;3231;8756
8238;1359;3368
1760;8483;994
8241;2593;8619
1757;720;6245
8244;8848;4875
1754;5972;2500
8247;4099;4144
1751;6245;1769
8250;4372;399
1748;1496;8025
8253;9623;5650
1745;7751;3276
8256;1861;7888
1742;8985;5514
8259;7112;3139
1739;5240;765
8262;3368;3412
1736;491;1038
8265;496;8663
1733;8624;6289
8268;6751;4919
1730;3875;2544
8271;2002;6152
1727;6113;3778
8274;4240;2408
1724;1364;33
8277;9491;7659
1721;7619;5285
8280;9765;5791
1718;6888;3417
8283;5016;1042
1715;3143;8668
8286;1271;3280
1712;8395;906
8289;2505;8531
1709;632;6157
8292;8760;4787
1706;5884;2412
8295;4011;4056
1703;6157;1681
8298;4284;311
1700;1408;7937
8301;9535;5562
1697;7663;3188
8304;1773;7800
1694;8897;5426
8307;7024;3051
1691;5152;677
8310;3280;3324
1688;403;950
8313;2549;8575
1685;676;6201
8316;8804;4831
1682;5928;2456
8319;4055;6064
1679;8165;3690
8322;6293;2320
1676;3417;9945
8325;1544;7571
1673;9672;5197
8328;8240;7844
1670;5363;5470
8331;3491;3095
1667;1619;721
8334;9746;5333
1664;6870;2959
8337;980;584
1661;9108;8210
8340;7235;6840
1658;4359;4465
8343;2486;3968
1655;4632;1593
8346;2760;223
1652;9883;7849
8349;8011;5474
1649;6138;3100
8352;249;7712
1646;7372;5338
8355;5500;2963
1643;3627;589
8358;1755;3236
1640;8879;862
8361;1024;8487
1637;9152;6113
8364;7279;4743
1634;4403;2368
8367;2530;5976
1631;6641;3602
8370;4768;2232
1628;1892;9857
8373;19;7483
1625;8147;5109
8376;293;7756
1622;7416;5382
8379;5544;3007
1619;3671;633
8382;1799;5245
1616;8922;2871
8385;3033;496
1613;1160;8122
8388;9288;6752
1610;6411;4377
8391;4539;6020
1607;4544;3646
8394;2672;2276
1604;9795;9901
8397;7923;7527
1601;6050;5153
8400;161;9765
1598;7284;7390
8403;5412;5016
1595;3539;2642
8406;1667;3148
1592;8791;774
8409;936;8399
1589;9064;6025
8412;7191;4655
1586;4315;2280
8415;2442;5888
1583;6553;3514
8418;4680;2144
1580;1804;9769
8421;9931;7395
1577;8059;5021
8424;205;7668
1574;7328;5294
8427;5456;2919
1571;3583;545
8430;1711;5157
1568;8835;2783
8433;2945;408
1565;1072;8034
8436;9200;6664
1562;6324;4289
8439;4451;5932
1559;6597;3558
8442;4724;2188
1556;1848;9813
8445;9975;7439
1553;8103;5065
8448;2213;9677
1550;9337;7302
8451;7464;4928
1547;5592;2554
8454;3720;5201
1544;843;2827
8457;848;452
1541;8976;8078
8460;7103;6708
1538;4227;4333
8463;2354;7941
1535;6465;5567
8466;4592;4197
1532;1716;1822
8469;9843;9448
1529;7971;7073
8472;117;6143
1526;7240;3769
8475;5368;1394
1523;3495;9020
8478;1623;3632
1520;8747;1258
8481;2857;8883
1517;984;6509
8484;9112;5139
1514;6236;2764
8487;4363;4408
1511;6509;2033
8490;4636;663
1508;1760;8289
8493;9887;5914
1505;8015;3540
8496;2125;8152
1502;9249;5778
8499;7376;3403
1499;5504;1029
8502;3632;3676
1496;755;1302
8505;2901;8927
1493;1028;6553
8508;9156;5183
1490;6280;2808
8511;4407;6416
1487;8517;4042
8514;6645;2672
1484;3769;297
8517;1896;7923
1481;24;5549
8520;29;8196
1478;7152;5822
8523;5280;3447
1475;3407;1073
8526;1535;5685
1472;8659;3311
8529;2769;936
1469;896;8562
8532;9024;7192
1466;6148;4817
8535;4275;4320
1463;6421;1945
8538;4548;575
1460;1672;8201
8541;9799;5826
1457;7927;3452
8544;2037;8064
1454;9161;5690
8547;7288;3315
1451;5416;941
8550;3544;3588
1448;667;1214
8553;2813;8839
1445;940;6465
8556;9068;5095
1442;6192;2720
8559;4319;6328
1439;8429;3954
8562;6557;2584
1436;3681;209
8565;1808;7835
1433;9936;5461
8568;2081;8108
1430;9205;5734
8571;7332;3359
1427;5460;985
8574;3588;5597
1424;711;3223
8577;4821;848
1421;2949;8474
8580;1077;7104
1418;8200;4729
8583;6328;6372
1415;4896;3998
8586;3024;2628
1412;147;253
8589;8275;7879
1409;6402;5505
8592;513;117
1406;7636;7742
8595;5764;5368
1403;3891;2994
8598;2019;3500
1400;9142;1126
8601;1288;8751
1397;9416;6377
8604;7543;5007
1394;4667;2632
8607;2794;6240
1391;6905;3866
8610;5032;2496
1388;2156;121
8613;283;7747
1385;8411;5373
8616;557;8020
1382;7680;5646
8619;5808;3271
1379;3935;897
8622;2063;5509
1376;9186;3135
8625;3297;760
1373;1424;8386
8628;9552;7016
1370;6675;4641
8631;4803;6284
1367;6949;3910
8634;5076;2540
1364;2200;165
8637;327;7791
1361;8455;5417
8640;2565;29
1358;9689;7654
8643;7816;5280
1355;5944;2906
8646;4072;5553
1352;1195;3179
8649;1200;804
1349;9328;8430
8652;7455;7060
1346;4579;4685
8655;2706;8293
1343;6817;5919
8658;4944;4549
1340;2068;2174
8661;195;9800
1337;8323;7425
8664;469;7932
1334;7592;5558
8667;5720;3183
1331;3847;809
8670;1975;5421
1328;9098;3047
8673;3209;672
1325;1336;8298
8676;9464;6928
1322;6587;4553
8679;4715;6196
1319;6861;3822
8682;4988;2452
1316;2112;77
8685;239;7703
1313;8367;5329
8688;2477;9941
1310;9601;7566
8691;7728;5192
1307;5856;2818
8694;3984;5465
1304;1107;3091
8697;3253;716
1301;1380;8342
8700;9508;6972
1298;6631;4597
8703;4759;8205
1295;8869;5831
8706;6997;4461
1292;4120;2086
8709;2248;9712
1289;376;7337
8712;381;9985
1286;7504;7610
8715;5632;5236
1283;3759;2862
8718;1887;7474
1280;9010;5099
8721;3121;2725
1277;1248;351
8724;9376;8981
1274;6499;6606
8727;4627;4672
1271;6773;2297
8730;4900;927
1268;2024;8553
8733;151;6178
1265;8279;3804
8736;2389;8416
1262;9513;6042
8739;7640;3667
1259;5768;1293
8742;3896;3940
1256;1019;1566
8745;3165;9191
1253;1292;6817
8748;9420;5447
1250;6543;3072
8751;4671;6680
1247;8781;4306
8754;6909;2936
1244;4032;561
8757;2160;8187
1241;288;5813
8760;2433;8460
1238;9557;6086
8763;7684;3711
1235;5812;1337
8766;3940;5949
1232;1063;3575
8769;5173;1200
1229;3301;8826
8772;1429;7456
1226;8552;5081
8775;6680;6724
1223;6685;4350
8778;4812;2980
1220;1936;605
8781;63;8231
1217;8191;5857
8784;2301;469
1214;9425;8094
8787;7552;5720
1211;5680;3346
8790;3808;3852
1208;931;1478
8793;3077;9103
1205;1204;6729
8796;9332;5359
1202;6455;2984
8799;4583;6592
1199;8693;4218
8802;6821;2848
1196;3944;473
8805;2072;8099
1193;200;5725
8808;2345;8372
1190;9469;5998
8811;7596;3623
1187;5724;1249
8814;3852;5861
1184;975;3487
8817;5085;1112
1181;3213;8738
8820;1341;7368
1178;8464;4993
8823;6592;6636
1175;8737;4262
8826;6865;2892
1172;3988;517
8829;2116;8143
1169;244;5769
8832;4354;381
1166;1477;8006
8835;9605;5632
1163;7733;3258
8838;5861;5905
1160;2984;3531
8841;1552;1156
1157;9680;8782
8844;7807;7412
1154;4931;5037
8847;3058;8645
1151;7169;6271
8850;5296;4901
1148;2420;2526
8853;547;152
1145;8675;7777
8856;821;8284
1142;7944;5910
8859;6072;3535
1139;4199;1161
8862;2327;5773
1136;9450;3399
8865;3561;1024
1133;1688;8650
8868;9816;7280
1130;6939;4905
8871;5067;6548
1127;7213;4174
8874;5340;2804
1124;2464;429
8877;591;8055
1121;8719;5681
8880;2829;293
1118;9953;7918
8883;8080;5544
1115;6208;3170
8886;4336;5817
1112;1459;3443
8889;3605;1068
1109;1732;8694
8892;9860;7324
1106;6983;4949
8895;5111;8557
1103;9221;6183
8898;7349;4813
1100;4472;2438
8901;2600;64
1097;728;7689
8904;733;337
1094;7856;7962
8907;5984;5588
1091;4111;3214
8910;2239;7826
1088;9362;5451
8913;3473;3077
1085;1600;703
8916;9728;9332
1082;6851;6958
8919;4979;6460
1079;7125;4086
8922;5252;2716
1076;2376;341
8925;503;7967
1073;8631;5593
8928;2741;205
1070;9865;7830
8931;7992;5456
1067;6120;3082
8934;4248;5729
1064;1371;3355
8937;3517;980
1061;1644;8606
8940;9772;7236
1058;6895;4861
8943;5023;8469
1055;9133;6095
8946;7261;4725
1052;4384;2350
8949;2512;9976
1049;640;7601
8952;2785;249
1046;9909;7874
8955;8036;5500
1043;6164;3126
8958;4292;7738
1040;1415;5363
8961;5525;2989
1037;3653;615
8964;1781;9244
1034;8904;6870
8967;7032;8513
1031;7037;6139
8970;5164;4769
1028;2288;2394
8973;415;20
1025;8543;7645
8976;2653;2258
1022;9777;9883
8979;7904;7509
1019;6032;5134
8982;4160;4204
1016;1283;1830
8985;3429;9455
1013;1556;7081
8988;9684;5711
1010;6807;3336
8991;4935;6944
1007;9045;4570
8994;7173;3200
1004;4296;825
8997;2424;8451
1001;552;6076
9000;2697;8724
998;9821;6350
9003;7948;3975
995;6076;1601
9006;4204;6213
992;1327;3839
9009;5437;1464
989;3565;9090
9012;1693;7720
986;8816;5345
9015;6944;6988
983;9089;4614
9018;7217;3244
980;4340;869
9021;2468;8495
977;596;6120
9024;4706;733
974;1829;8358
9027;9957;5984
971;8085;3609
9030;6213;6257
968;3336;3883
9033;3341;1508
965;1468;9134
9036;9596;7764
962;6719;5389
9039;4847;8997
959;8957;6623
9042;7085;5253
956;4208;2878
9045;2336;504
953;464;8129
9048;2609;8636
950;9733;6262
9051;7860;3887
947;5988;1513
9054;4116;6125
944;1239;3751
9057;5349;1376
941;3477;9002
9060;1605;7632
938;8728;5257
9063;6856;6900
935;9001;4526
9066;7129;3156
932;4252;781
9068;7631;3658
929;508;6032
9071;2882;4892
926;1741;8270
9074;5120;1147
923;7997;3521
9077;371;6398
920;3248;3795
9080;645;6671
917;3521;9046
9083;5896;1922
914;8772;5301
9086;2151;4160
911;1010;6535
9089;3385;9411
908;6261;2790
9092;9640;5667
906;6763;3292
9095;4891;4936
903;3513;2561
9098;1640;1191
900;8764;8817
9101;6892;6442
897;5019;4068
9104;9129;8680
894;6253;6306
9107;4381;3931
891;2508;1557
9110;636;2063
888;7759;9689
9113;9905;7315
885;8033;4940
9116;6160;3570
882;3284;1196
9119;1411;4804
879;5522;2429
9122;3649;1059
876;773;8685
9125;8900;6310
873;7028;3936
9128;9173;6583
870;6297;4209
9131;4425;1834
867;2552;9460
9134;680;4072
864;7803;1698
9137;1914;9323
861;41;6949
9140;8169;5579
858;5292;3204
9143;3420;4848
855;5566;2473
9146;3693;1103
852;817;8729
9149;8944;6354
849;7072;3980
9152;1182;8592
846;8306;6218
9155;6433;3843
843;4561;1469
9158;2689;4116
840;9812;1742
9161;6169;9367
837;4297;6993
9164;2424;5623
834;9548;3248
9167;7675;6856
831;1786;4482
9170;9913;3112
828;7037;737
9173;5164;8363
825;3292;5989
9176;5437;6495
822;2561;4121
9179;689;1746
819;8816;9372
9182;6944;3984
816;4067;1610
9185;8178;9235
813;6305;6861
9188;4433;5491
810;1556;3116
9191;9684;4760
807;1830;2385
9194;9957;1015
804;7081;8641
9197;5208;6266
801;3336;3892
9200;7446;8504
798;4570;6130
9203;2697;3755
795;825;1381
9206;8953;4028
792;6076;1654
9209;8222;9279
789;9997;6905
9212;8125;5535
786;5248;3160
9215;3376;6768
783;3838;4394
9218;1966;3024
780;9089;649
9221;7217;8275
777;5345;5901
9224;5349;8548
774;2473;6174
9227;601;3799
771;8728;1425
9230;6856;6037
768;3979;3663
9233;8090;1288
765;6217;8914
9236;4345;7544
762;1468;5169
9239;9596;8982
759;1742;6608
9242;9869;5238
756;6993;2863
9245;5120;489
753;3248;8114
9248;7358;2727
750;4482;352
9251;2609;7978
747;737;5603
9254;8865;8251
744;5988;5876
9257;8134;3502
741;6261;1127
9260;4389;9757
738;1512;7383
9263;9640;991
735;3750;8616
9266;1878;7246
732;9001;4872
9269;7129;2498
729;5257;123
9272;7402;2771
726;4526;396
9275;2653;8022
723;781;5647
9278;8909;260
720;6032;7885
9281;142;5511
717;8270;3136
9284;6398;1766
714;3521;9392
9287;1649;1035
711;1654;8660
9290;9781;7290
708;6905;4916
9293;5032;2542
705;3160;167
9296;7270;4779
702;4394;2405
9299;2521;31
699;649;7656
9302;8777;8163
696;5900;5788
9305;8046;3414
693;6173;1039
9308;4301;9669
690;1424;7295
9311;9552;903
687;3662;8528
9314;1790;7158
684;8913;4784
9317;7041;2410
681;5169;35
9320;7314;2683
678;4438;308
9323;2565;7934
675;693;5559
9326;8821;172
672;5944;7797
9329;54;5423
669;8182;3048
9332;6310;1678
666;3433;9304
9335;1561;947
663;3706;8572
9338;1834;7202
660;8957;4828
9341;7085;2454
657;5213;79
9344;9323;4691
654;6446;2317
9347;4574;9943
651;2702;7568
9350;830;216
648;7953;7841
9353;169;5467
645;8296;3092
9356;6424;1722
642;3548;9348
9359;1675;2956
639;5785;581
9362;3913;9211
636;1037;6837
9365;9164;4462
633;7292;2088
9368;9437;2595
630;6561;220
9371;4689;7846
627;2816;5471
9374;944;84
624;8067;7709
9377;2178;5335
621;305;2960
9380;8433;1590
618;5556;9216
9383;3684;859
615;5829;8484
9386;3957;7114
612;1081;4740
9389;9208;2366
609;7336;9991
9392;1446;4603
606;8570;2229
9395;6697;9855
603;4825;7480
9398;2953;128
600;76;7753
9401;2222;5379
597;349;3004
9404;8477;1634
594;5600;9260
9407;3728;2868
591;7838;493
9410;5966;9123
588;3089;6749
9413;1217;4374
585;9345;2000
9416;9349;4647
582;6473;2273
9419;4601;9899
579;2728;7524
9422;856;2136
576;7979;9762
9425;2090;7388
573;217;5013
9428;8345;3643
570;5468;1269
9431;3596;771
567;5741;8396
9434;3869;7026
564;993;4652
9437;9120;2278
561;7248;9903
9440;1358;4515
558;8482;2141
9443;6609;9767
555;4737;7392
9446;2865;40
552;9988;7665
9449;2134;5291
549;261;2916
9452;8389;1546
546;5512;9172
9455;3640;2780
543;7750;405
9458;5878;9035
540;3001;6661
9461;1129;4286
537;9257;1912
9464;1402;4559
534;8526;2185
9467;6653;9811
531;4781;7436
9470;2909;2048
528;32;9674
9473;4142;7300
525;2270;4925
9476;398;3555
522;7521;1181
9479;5649;2824
519;5653;449
9482;3781;9079
516;905;6705
9485;9032;4330
513;7160;1956
9488;1270;6568
510;8394;4194
9491;6521;1819
507;4649;9445
9494;2777;8515
504;9900;6140
9497;2046;3766
501;173;1391
9500;8301;21
498;5424;7647
9503;3552;1255
495;7662;8880
9506;5790;7510
492;2913;5136
9509;1041;2761
489;9169;387
9512;1314;3035
486;8438;660
9515;6565;8286
483;4693;5911
9518;2821;524
480;9944;8149
9521;4054;5775
477;2182;3400
9524;310;2030
474;7433;9656
9527;5561;1299
471;7706;8924
9530;5834;7554
468;2957;5180
9533;1085;2805
465;9213;431
9536;3323;5043
462;446;2669
9539;8574;294
459;6702;7920
9542;4830;568
456;1953;8193
9545;1958;5819
453;85;3444
9548;8213;2074
450;5336;9700
9551;3464;3308
447;7574;933
9554;5702;9563
444;2825;7189
9557;953;4814
441;9081;2440
9560;1226;2947
438;8350;572
9563;6477;8198
435;4605;5823
9566;2733;436
432;9856;8061
9569;3966;5687
429;2094;3312
9572;222;1942
426;7345;9568
9575;5473;1211
423;7618;8836
9578;5746;7466
420;2869;5092
9581;997;2718
417;9125;343
9584;3235;4955
414;358;2581
9587;8486;207
411;6614;7832
9590;4742;480
408;1865;8105
9593;4010;5731
405;2138;3356
9596;266;1986
402;7389;9612
9599;5517;3220
399;9627;845
9602;7755;9475
396;4878;7101
9605;3006;4726
393;1134;2352
9608;9701;4999
390;6825;2625
9611;4953;250
387;3080;7876
9614;1208;2488
384;8331;114
9617;2442;7740
381;569;5365
9620;8697;3995
378;5820;1621
9623;3948;1123
375;6093;8748
9626;4221;7378
372;1345;5004
9629;9472;2630
369;7600;255
9632;1710;4867
366;8834;2493
9635;6961;119
363;5089;7744
9638;3217;392
360;340;8017
9641;2486;5643
357;613;3268
9644;8741;1898
354;5864;9524
9647;3992;3132
351;8102;757
9650;6230;9387
348;3353;7013
9653;1481;4638
345;9609;2264
9656;1754;4911
342;8878;2537
9659;7005;163
339;5133;7788
9662;3261;2400
336;384;26
9665;4494;7652
333;2622;5277
9668;750;3907
330;7873;1533
9671;6001;3176
327;6005;801
9674;4133;9431
324;1257;7057
9677;9384;4682
321;7512;2308
9680;1622;6920
318;8746;4546
9683;6873;2171
315;5001;9797
9686;3129;304
312;252;7929
9689;2398;5555
309;525;3180
9692;8653;1810
306;5776;9436
9695;3904;3044
303;8014;669
9698;6142;9299
300;3265;6925
9701;1393;4550
297;9521;2176
9704;1666;4823
294;8790;2449
9707;6917;75
291;5045;7700
9710;3173;2312
288;296;9938
9713;4406;7564
285;2534;5189
9716;662;3819
282;7785;1445
9719;5913;3088
279;8058;713
9722;6186;9343
276;3309;6969
9725;1437;4594
273;9565;2220
9728;3675;6832
270;798;4458
9731;8926;2083
267;7054;9709
9734;5182;2356
264;2305;9982
9737;2310;7608
261;437;5233
9740;8565;3863
258;5688;1489
9743;3816;5097
255;7926;2722
9746;6054;1352
252;3177;8978
9749;1305;6603
249;9433;4229
9752;1578;3299
246;8702;924
9755;6829;8550
243;4957;6175
9758;3085;788
240;208;8413
9761;4318;6039
237;2446;3664
9764;574;2294
234;7697;9920
9767;5825;1563
231;7970;9188
9770;6098;7818
228;3221;5444
9773;1349;3069
225;9477;695
9776;3587;5307
222;710;2933
9779;8838;558
219;6966;8184
9782;5094;832
216;2217;8457
9785;4362;6083
213;2490;3708
9788;618;2338
210;7741;9964
9791;5869;3572
207;9979;1197
9794;8107;9827
204;5230;7453
9797;3358;5078
201;1486;2704
9800;1490;5351
198;8614;2977
9803;6741;602
195;4869;8228
9806;2997;2840
192;120;466
9809;4230;8091
189;2358;5717
9812;486;4347
186;7609;1973
9815;5737;1475
183;7882;9100
9818;6010;7730
180;3133;5356
9821;1261;2981
177;9389;607
9824;3499;5219
174;622;2845
9827;8750;470
171;6878;8096
9830;5006;744
168;2129;8369
9833;4274;5995
165;2402;3620
9836;530;2250
162;7653;9876
9839;5781;3484
159;9891;1109
9842;8019;9739
156;5142;7365
9845;3270;4990
153;1398;2616
9848;3543;5263
150;666;2889
9851;8794;514
147;6922;8140
9854;5050;2752
144;2173;378
9857;6283;8003
141;4411;5629
9860;2539;4259
138;9662;1885
9863;7790;3528
135;6357;1153
9866;4485;9783
132;1609;7409
9869;9736;5034
129;7864;2660
9872;1974;7272
126;9098;4898
9875;7225;2523
123;5353;149
9878;3481;656
120;604;8281
9881;2749;5907
117;877;3532
9884;9005;2162
114;6128;9788
9887;4256;3396
111;8366;1021
9890;6494;9651
108;3617;7277
9893;1745;4902
105;9873;2528
9896;2018;5175
102;9142;2801
9899;7269;426
99;5397;8052
9902;3525;2664
96;648;290
9905;4758;7915
93;2886;5541
9908;1014;4171
90;8137;1797
9911;6265;3440
87;8410;1065
9914;6538;9695
84;3661;7321
9917;1789;4946
81;9917;2572
9920;4027;7184
78;1150;4810
9923;9278;2435
75;7406;61
9926;5534;2708
72;2657;334
9929;2661;7959
69;789;5585
9932;8917;4215
66;6040;1841
9935;4168;5448
63;8278;3074
9938;6406;1704
60;3529;9330
9941;1657;6955
57;9785;4581
9944;1930;5087
54;9054;2713
9947;7181;338
51;5309;7964
9950;3437;2576
48;560;202
9953;4670;7827
45;2798;5453
9956;926;4083
42;8049;1709
9959;6177;3352
39;8322;977
9962;6450;9607
36;3573;7233
9965;1701;4858
33;9829;2484
9968;3939;7096
30;1062;4722
9971;9190;2347
27;7318;9973
9974;5446;2620
24;2569;246
9976;9965;3123
21;2842;5497
9979;5216;8374
18;8093;1753
9982;1472;612
15;331;2986
9985;2705;5863
12;5582;9242
9988;8961;2118
9;1838;4493
9991;4212;1387
6;8966;4766
9994;2344;7642
3;5221;17
9997;7595;2893
0;472;2255
